{
    "class" : "HiddenMarkovModel",
    "name" : "None",
    "start" : {
        "class" : "State",
        "distribution" : null,
        "name" : "None-start",
        "weight" : 1.0
    },
    "end" : {
        "class" : "State",
        "distribution" : null,
        "name" : "None-end",
        "weight" : 1.0
    },
    "states" : [
        {
            "class" : "State",
            "distribution" : {
                "class" : "GeneralMixtureModel",
                "distributions" : [
                    {
                        "class" : "Distribution",
                        "name" : "MultivariateGaussianDistribution",
                        "parameters" : [
                            [
                                14.283163107013959,
                                -26.42790710981757,
                                -0.9976252507329744,
                                -9.12943841431802,
                                -9.019639910677933,
                                -5.442272364331396,
                                -0.28517644086305466,
                                2.287934020820825,
                                -4.913340318724917,
                                2.041616174438706,
                                -0.8896392586703159,
                                -7.741241442810651,
                                1.2646054709702863,
                                -1.0216701944349529,
                                -0.34555407682449163,
                                1.1664719613415877,
                                -0.47591195098522127,
                                0.2566567700831624,
                                -0.9478007244408935,
                                0.5580765546206533,
                                -0.5721985114941596,
                                0.0696281684396047,
                                0.018512105494193874,
                                0.023081852895336173
                            ],
                            [
                                [
                                    6.724771250824878,
                                    -1.1737332233944922,
                                    1.4912205866416572,
                                    0.677572968836657,
                                    -5.2958588388680505,
                                    3.4020659170401815,
                                    -1.0993454439037358,
                                    6.188116438996312,
                                    -1.7485139273338324,
                                    3.6649593956931765,
                                    -0.6241197992884442,
                                    1.603114268709316,
                                    2.2770352594193097,
                                    -1.1474208114226492,
                                    0.43488308653329993,
                                    1.5686867318160376,
                                    -0.5152396343793065,
                                    0.6934906803471935,
                                    0.10040759998636072,
                                    0.40258157744727774,
                                    0.24442779428516476,
                                    0.3823871222988292,
                                    -0.029030982409014038,
                                    0.013331408716531242
                                ],
                                [
                                    -1.1737332233944922,
                                    89.92343741760337,
                                    -13.017383956511221,
                                    1.647677492916743,
                                    -46.554631200292064,
                                    -0.6645889907175427,
                                    -13.613207840951198,
                                    23.75588218648914,
                                    -31.720198392403013,
                                    -18.011453984405012,
                                    18.372840651219658,
                                    -26.82891574238588,
                                    -4.286400487489951,
                                    -5.215094883038573,
                                    -5.3853297045172965,
                                    -8.540529831242138,
                                    -3.51047572083284,
                                    -2.7964221343135103,
                                    -5.110126653057156,
                                    -2.202296164114514,
                                    0.6996073113387057,
                                    0.6031004791060469,
                                    -0.0027344030103398256,
                                    -0.11862638159698262
                                ],
                                [
                                    1.4912205866416572,
                                    -13.017383956511221,
                                    68.4620313407009,
                                    0.6698384689175072,
                                    42.20043542551299,
                                    -2.6808081919229894,
                                    8.20494043112883,
                                    -21.6827906790917,
                                    14.879668392900182,
                                    -3.5861184842266813,
                                    -4.1544462360741825,
                                    -0.5864806504237559,
                                    4.184040751423338,
                                    -2.7969664414649094,
                                    -2.4593647756085883,
                                    4.373187762386548,
                                    -5.352764369964935,
                                    0.7818258149694126,
                                    1.6611254806481552,
                                    -0.3281073953334856,
                                    0.510075185213566,
                                    -0.3528801995486979,
                                    0.3047053500482087,
                                    0.028798843563120666
                                ],
                                [
                                    0.677572968836657,
                                    1.647677492916743,
                                    0.6698384689175072,
                                    69.34668376935687,
                                    -8.868338748277203,
                                    24.29936066364091,
                                    -13.376613168140306,
                                    9.635570340947291,
                                    -22.359640932855196,
                                    5.7257405942031925,
                                    -2.4920933063572686,
                                    13.189638632086144,
                                    -0.4771315310267116,
                                    0.13377172334979454,
                                    -5.235852054136949,
                                    -1.7851382870194772,
                                    4.404686932238316,
                                    0.03654879638492913,
                                    -2.5100769648374226,
                                    0.7426657737853714,
                                    -1.6283390766280916,
                                    0.24422870745740155,
                                    -0.032048249713029234,
                                    0.09909875607864341
                                ],
                                [
                                    -5.2958588388680505,
                                    -46.554631200292064,
                                    42.20043542551299,
                                    -8.868338748277203,
                                    128.60234282082124,
                                    -19.721126132531698,
                                    47.88116426407519,
                                    -46.151449325134486,
                                    56.661581900449264,
                                    -2.5995070545361747,
                                    -8.32085649173054,
                                    20.713937529209563,
                                    1.1444752305578603,
                                    8.60296167250596,
                                    10.667457665679706,
                                    3.619264283861338,
                                    -2.250545241221921,
                                    0.6240613594407447,
                                    7.739106203146899,
                                    0.7735544751843977,
                                    1.8778089514890721,
                                    -0.5644107569839133,
                                    0.32285903923791126,
                                    -0.021753468496797563
                                ],
                                [
                                    3.4020659170401815,
                                    -0.6645889907175427,
                                    -2.6808081919229894,
                                    24.29936066364091,
                                    -19.721126132531698,
                                    130.7943903022373,
                                    -71.94423784544182,
                                    30.995460199905445,
                                    0.40043050772993705,
                                    -29.319743651014686,
                                    15.416192130563305,
                                    28.0268923069924,
                                    -21.739908165625998,
                                    15.06343280542287,
                                    -4.630259485368856,
                                    -3.2181418116210496,
                                    1.5549037842073334,
                                    -6.972758937875664,
                                    4.75938741447919,
                                    -5.100848006634149,
                                    4.870069859298589,
                                    -0.5116514287968446,
                                    -0.4900834729559812,
                                    -0.14221792483383047
                                ],
                                [
                                    -1.0993454439037358,
                                    -13.613207840951198,
                                    8.20494043112883,
                                    -13.376613168140306,
                                    47.88116426407519,
                                    -71.94423784544182,
                                    130.667200467181,
                                    -23.97428344779789,
                                    22.857452203445057,
                                    38.72880495677291,
                                    -16.404273388017497,
                                    -17.834069379745888,
                                    30.29681754618388,
                                    -9.629487084339814,
                                    13.026155353730607,
                                    6.969375901458776,
                                    -1.4342311476452867,
                                    4.9834222086125335,
                                    -2.5923751324839768,
                                    3.889308048845359,
                                    -3.5443718418690957,
                                    0.9927115363490536,
                                    0.4021742847829005,
                                    0.11176002863527838
                                ],
                                [
                                    6.188116438996312,
                                    23.75588218648914,
                                    -21.6827906790917,
                                    9.635570340947291,
                                    -46.151449325134486,
                                    30.995460199905445,
                                    -23.97428344779789,
                                    76.58456943893309,
                                    -17.155127036960828,
                                    0.07185998910872662,
                                    13.361594190108779,
                                    -7.0916092425643695,
                                    -4.134293150933558,
                                    1.6215495920262377,
                                    -2.120982647823303,
                                    -4.815365944777099,
                                    2.0514642897422073,
                                    -0.7510716297025521,
                                    -2.4940761337030253,
                                    0.3686047055023786,
                                    0.7025679501702216,
                                    0.24593161720381335,
                                    -0.06829596729826976,
                                    -0.0320564502209994
                                ],
                                [
                                    -1.7485139273338324,
                                    -31.720198392403013,
                                    14.879668392900182,
                                    -22.359640932855196,
                                    56.661581900449264,
                                    0.40043050772993705,
                                    22.857452203445057,
                                    -17.155127036960828,
                                    91.99706050344665,
                                    -5.020561101744611,
                                    -4.422728585447568,
                                    17.79545106119876,
                                    -4.746481717088788,
                                    7.487774260194811,
                                    8.678953823296997,
                                    6.160025937321743,
                                    0.016853270211338946,
                                    -0.12306963076583258,
                                    5.3290864434348375,
                                    -0.4797677924214332,
                                    2.1786919660397057,
                                    -0.3363612040270408,
                                    -0.06541632021375393,
                                    -0.14064578732957472
                                ],
                                [
                                    3.6649593956931765,
                                    -18.011453984405012,
                                    -3.5861184842266813,
                                    5.7257405942031925,
                                    -2.5995070545361747,
                                    -29.319743651014686,
                                    38.72880495677291,
                                    0.07185998910872662,
                                    -5.020561101744611,
                                    82.07142705002194,
                                    -19.16443520865206,
                                    -1.4773699536763445,
                                    15.074112810058638,
                                    -12.515261456258518,
                                    5.807879120612608,
                                    4.3843912756206604,
                                    4.536297677190718,
                                    2.472958606322058,
                                    -4.424651360933832,
                                    3.3972595878148537,
                                    -3.330467460731689,
                                    0.9557847795016783,
                                    0.23109023704282078,
                                    0.22340727892340895
                                ],
                                [
                                    -0.6241197992884442,
                                    18.372840651219658,
                                    -4.1544462360741825,
                                    -2.4920933063572686,
                                    -8.32085649173054,
                                    15.416192130563305,
                                    -16.404273388017497,
                                    13.361594190108779,
                                    -4.422728585447568,
                                    -19.16443520865206,
                                    69.61450271614652,
                                    -12.963726566665423,
                                    -3.1276614713877633,
                                    4.231383426410512,
                                    -10.560663885288365,
                                    -2.8238736001693683,
                                    -5.795938019423718,
                                    -1.265635456961461,
                                    -1.192202957839772,
                                    -0.7562333941802273,
                                    1.6392617815058352,
                                    -0.827070547629897,
                                    -0.1468675601749815,
                                    0.05622424804938238
                                ],
                                [
                                    1.603114268709316,
                                    -26.82891574238588,
                                    -0.5864806504237559,
                                    13.189638632086144,
                                    20.713937529209563,
                                    28.0268923069924,
                                    -17.834069379745888,
                                    -7.0916092425643695,
                                    17.79545106119876,
                                    -1.4773699536763445,
                                    -12.963726566665423,
                                    71.38047346556641,
                                    -10.180185653366228,
                                    10.725963005707314,
                                    4.616242929801646,
                                    -0.5702885352017738,
                                    4.719473752475163,
                                    -0.6243690509779446,
                                    5.946500323468366,
                                    -1.6797662091645735,
                                    1.3150635736450396,
                                    0.12201544653269714,
                                    -0.1158490861811471,
                                    0.031134959451852864
                                ],
                                [
                                    2.2770352594193097,
                                    -4.286400487489951,
                                    4.184040751423338,
                                    -0.4771315310267116,
                                    1.1444752305578603,
                                    -21.739908165625998,
                                    30.29681754618388,
                                    -4.134293150933558,
                                    -4.746481717088788,
                                    15.074112810058638,
                                    -3.1276614713877633,
                                    -10.180185653366228,
                                    51.61300881718931,
                                    -6.43581198715233,
                                    1.9475250318396713,
                                    3.823789556957172,
                                    -1.4485183389510758,
                                    3.062292552917903,
                                    -1.5565776309134478,
                                    2.1207021218032143,
                                    -1.9719853938101704,
                                    0.3068903772056068,
                                    0.1314421452366913,
                                    0.10958433517438215
                                ],
                                [
                                    -1.1474208114226492,
                                    -5.215094883038573,
                                    -2.7969664414649094,
                                    0.13377172334979454,
                                    8.60296167250596,
                                    15.06343280542287,
                                    -9.629487084339814,
                                    1.6215495920262377,
                                    7.487774260194811,
                                    -12.515261456258518,
                                    4.231383426410512,
                                    10.725963005707314,
                                    -6.43581198715233,
                                    36.114195326880534,
                                    2.006715837910007,
                                    -0.5633217716832309,
                                    0.12344243971516365,
                                    -2.468590970026527,
                                    3.1911901066238775,
                                    -2.3493265214118355,
                                    2.011743524618282,
                                    -0.44992827778142985,
                                    -0.045181115085456684,
                                    -0.03483131339812971
                                ],
                                [
                                    0.43488308653329993,
                                    -5.3853297045172965,
                                    -2.4593647756085883,
                                    -5.235852054136949,
                                    10.667457665679706,
                                    -4.630259485368856,
                                    13.026155353730607,
                                    -2.120982647823303,
                                    8.678953823296997,
                                    5.807879120612608,
                                    -10.560663885288365,
                                    4.616242929801646,
                                    1.9475250318396713,
                                    2.006715837910007,
                                    32.19444784161163,
                                    3.474685900685844,
                                    3.496787481999,
                                    0.009447478480927194,
                                    1.91941634413397,
                                    0.01530465091577828,
                                    0.6379996716798394,
                                    0.7659940283054557,
                                    -0.031872482970513996,
                                    -0.07875189615859016
                                ],
                                [
                                    1.5686867318160376,
                                    -8.540529831242138,
                                    4.373187762386548,
                                    -1.7851382870194772,
                                    3.619264283861338,
                                    -3.2181418116210496,
                                    6.969375901458776,
                                    -4.815365944777099,
                                    6.160025937321743,
                                    4.3843912756206604,
                                    -2.8238736001693683,
                                    -0.5702885352017738,
                                    3.823789556957172,
                                    -0.5633217716832309,
                                    3.474685900685844,
                                    22.705998809351527,
                                    2.8475800483987372,
                                    0.35968897881401546,
                                    0.7919643741234585,
                                    -0.06687336750830346,
                                    -0.024560688830132092,
                                    0.24857868806122604,
                                    -0.030233816799227667,
                                    -0.0010553522789942
                                ],
                                [
                                    -0.5152396343793065,
                                    -3.51047572083284,
                                    -5.352764369964935,
                                    4.404686932238316,
                                    -2.250545241221921,
                                    1.5549037842073334,
                                    -1.4342311476452867,
                                    2.0514642897422073,
                                    0.016853270211338946,
                                    4.536297677190718,
                                    -5.795938019423718,
                                    4.719473752475163,
                                    -1.4485183389510758,
                                    0.12344243971516365,
                                    3.496787481999,
                                    2.8475800483987372,
                                    15.905703330317754,
                                    1.1315754514875762,
                                    0.43268464859595557,
                                    0.14992425111233385,
                                    -0.23103485125931345,
                                    0.3014410134421733,
                                    -0.041333163818022566,
                                    -0.04885066769396996
                                ],
                                [
                                    0.6934906803471935,
                                    -2.7964221343135103,
                                    0.7818258149694126,
                                    0.03654879638492913,
                                    0.6240613594407447,
                                    -6.972758937875664,
                                    4.9834222086125335,
                                    -0.7510716297025521,
                                    -0.12306963076583258,
                                    2.472958606322058,
                                    -1.265635456961461,
                                    -0.6243690509779446,
                                    3.062292552917903,
                                    -2.468590970026527,
                                    0.009447478480927194,
                                    0.35968897881401546,
                                    1.1315754514875762,
                                    10.282898111597662,
                                    0.0014137754980070923,
                                    0.37949988733606094,
                                    -0.48919316070783764,
                                    0.006404580901762552,
                                    0.06695004032835325,
                                    0.04857630092578516
                                ],
                                [
                                    0.10040759998636072,
                                    -5.110126653057156,
                                    1.6611254806481552,
                                    -2.5100769648374226,
                                    7.739106203146899,
                                    4.75938741447919,
                                    -2.5923751324839768,
                                    -2.4940761337030253,
                                    5.3290864434348375,
                                    -4.424651360933832,
                                    -1.192202957839772,
                                    5.946500323468366,
                                    -1.5565776309134478,
                                    3.1911901066238775,
                                    1.91941634413397,
                                    0.7919643741234585,
                                    0.43268464859595557,
                                    0.0014137754980070923,
                                    8.100942727689326,
                                    0.04855755475274935,
                                    1.0224759368319225,
                                    -0.07867932485136621,
                                    -0.026059181891948054,
                                    -0.022290560401607852
                                ],
                                [
                                    0.40258157744727774,
                                    -2.202296164114514,
                                    -0.3281073953334856,
                                    0.7426657737853714,
                                    0.7735544751843977,
                                    -5.100848006634149,
                                    3.889308048845359,
                                    0.3686047055023786,
                                    -0.4797677924214332,
                                    3.3972595878148537,
                                    -0.7562333941802273,
                                    -1.6797662091645735,
                                    2.1207021218032143,
                                    -2.3493265214118355,
                                    0.01530465091577828,
                                    -0.06687336750830346,
                                    0.14992425111233385,
                                    0.37949988733606094,
                                    0.04855755475274935,
                                    4.1275245703938115,
                                    -0.12637285728980965,
                                    0.017207290841854836,
                                    0.017168195768886438,
                                    0.019035838249090938
                                ],
                                [
                                    0.24442779428516476,
                                    0.6996073113387057,
                                    0.510075185213566,
                                    -1.6283390766280916,
                                    1.8778089514890721,
                                    4.870069859298589,
                                    -3.5443718418690957,
                                    0.7025679501702216,
                                    2.1786919660397057,
                                    -3.330467460731689,
                                    1.6392617815058352,
                                    1.3150635736450396,
                                    -1.9719853938101704,
                                    2.011743524618282,
                                    0.6379996716798394,
                                    -0.024560688830132092,
                                    -0.23103485125931345,
                                    -0.48919316070783764,
                                    1.0224759368319225,
                                    -0.12637285728980965,
                                    2.3251279192239456,
                                    0.08431447392250961,
                                    -0.036448713476081314,
                                    -0.026575375397203782
                                ],
                                [
                                    0.3823871222988292,
                                    0.6031004791060469,
                                    -0.3528801995486979,
                                    0.24422870745740155,
                                    -0.5644107569839133,
                                    -0.5116514287968446,
                                    0.9927115363490536,
                                    0.24593161720381335,
                                    -0.3363612040270408,
                                    0.9557847795016783,
                                    -0.827070547629897,
                                    0.12201544653269714,
                                    0.3068903772056068,
                                    -0.44992827778142985,
                                    0.7659940283054557,
                                    0.24857868806122604,
                                    0.3014410134421733,
                                    0.006404580901762552,
                                    -0.07867932485136621,
                                    0.017207290841854836,
                                    0.08431447392250961,
                                    0.7096054401362226,
                                    0.036607374352555205,
                                    -0.009879127953314984
                                ],
                                [
                                    -0.029030982409014038,
                                    -0.0027344030103398256,
                                    0.3047053500482087,
                                    -0.032048249713029234,
                                    0.32285903923791126,
                                    -0.4900834729559812,
                                    0.4021742847829005,
                                    -0.06829596729826976,
                                    -0.06541632021375393,
                                    0.23109023704282078,
                                    -0.1468675601749815,
                                    -0.1158490861811471,
                                    0.1314421452366913,
                                    -0.045181115085456684,
                                    -0.031872482970513996,
                                    -0.030233816799227667,
                                    -0.041333163818022566,
                                    0.06695004032835325,
                                    -0.026059181891948054,
                                    0.017168195768886438,
                                    -0.036448713476081314,
                                    0.036607374352555205,
                                    0.09650551798009732,
                                    -0.006671434612261433
                                ],
                                [
                                    0.013331408716531242,
                                    -0.11862638159698262,
                                    0.028798843563120666,
                                    0.09909875607864341,
                                    -0.021753468496797563,
                                    -0.14221792483383047,
                                    0.11176002863527838,
                                    -0.0320564502209994,
                                    -0.14064578732957472,
                                    0.22340727892340895,
                                    0.05622424804938238,
                                    0.031134959451852864,
                                    0.10958433517438215,
                                    -0.03483131339812971,
                                    -0.07875189615859016,
                                    -0.0010553522789942,
                                    -0.04885066769396996,
                                    0.04857630092578516,
                                    -0.022290560401607852,
                                    0.019035838249090938,
                                    -0.026575375397203782,
                                    -0.009879127953314984,
                                    -0.006671434612261433,
                                    0.028842149314333963
                                ]
                            ]
                        ],
                        "frozen" : false
                    },
                    {
                        "class" : "Distribution",
                        "name" : "MultivariateGaussianDistribution",
                        "parameters" : [
                            [
                                14.283163107013959,
                                -26.42790710981757,
                                -0.9976252507329744,
                                -9.12943841431802,
                                -9.019639910677933,
                                -5.442272364331396,
                                -0.28517644086305466,
                                2.287934020820825,
                                -4.913340318724917,
                                2.041616174438706,
                                -0.8896392586703159,
                                -7.741241442810651,
                                1.2646054709702863,
                                -1.0216701944349529,
                                -0.34555407682449163,
                                1.1664719613415877,
                                -0.47591195098522127,
                                0.2566567700831624,
                                -0.9478007244408935,
                                0.5580765546206533,
                                -0.5721985114941596,
                                0.0696281684396047,
                                0.018512105494193874,
                                0.023081852895336173
                            ],
                            [
                                [
                                    6.724771250824878,
                                    -1.1737332233944922,
                                    1.4912205866416572,
                                    0.677572968836657,
                                    -5.2958588388680505,
                                    3.4020659170401815,
                                    -1.0993454439037358,
                                    6.188116438996312,
                                    -1.7485139273338324,
                                    3.6649593956931765,
                                    -0.6241197992884442,
                                    1.603114268709316,
                                    2.2770352594193097,
                                    -1.1474208114226492,
                                    0.43488308653329993,
                                    1.5686867318160376,
                                    -0.5152396343793065,
                                    0.6934906803471935,
                                    0.10040759998636072,
                                    0.40258157744727774,
                                    0.24442779428516476,
                                    0.3823871222988292,
                                    -0.029030982409014038,
                                    0.013331408716531242
                                ],
                                [
                                    -1.1737332233944922,
                                    89.92343741760337,
                                    -13.017383956511221,
                                    1.647677492916743,
                                    -46.554631200292064,
                                    -0.6645889907175427,
                                    -13.613207840951198,
                                    23.75588218648914,
                                    -31.720198392403013,
                                    -18.011453984405012,
                                    18.372840651219658,
                                    -26.82891574238588,
