{
    "class" : "HiddenMarkovModel",
    "name" : "None",
    "start" : {
        "class" : "State",
        "distribution" : null,
        "name" : "None-start",
        "weight" : 1.0
    },
    "end" : {
        "class" : "State",
        "distribution" : null,
        "name" : "None-end",
        "weight" : 1.0
    },
    "states" : [
        {
            "class" : "State",
            "distribution" : {
                "class" : "GeneralMixtureModel",
                "distributions" : [
                    {
                        "class" : "Distribution",
                        "name" : "MultivariateGaussianDistribution",
                        "parameters" : [
                            [
                                14.744458361198788,
                                -27.030383943838977,
                                2.2453387779991876,
                                -10.295024899553358,
                                -7.087735251707014,
                                -6.811563888552452,
                                0.06451344672807766,
                                -3.4201306834268013,
                                -2.4033062119793476,
                                0.10450267566025882,
                                -2.594249512301631,
                                -8.274807287742638,
                                1.9093808669257089,
                                -1.5545595792559475,
                                -1.3096541408999112,
                                2.8174570094662705,
                                -1.3112121423321914,
                                1.3273324611151558,
                                -0.8411758622435105,
                                0.18668575126842113,
                                -0.23231209658303859,
                                -0.025814193033709316,
                                0.04691083018563422,
                                0.006395280979612517
                            ],
                            [
                                [
                                    4.851631488643593,
                                    -0.5021301985147836,
                                    1.904407829110949,
                                    2.1787348618620737,
                                    -6.434466909565862,
                                    1.877937698477771,
                                    0.303541842260643,
                                    2.7755498583633584,
                                    -0.72853757415792,
                                    2.6912020502528984,
                                    -1.5228038932711965,
                                    2.943816245175119,
                                    1.4052225695010372,
                                    -0.04003896993635819,
                                    1.1488658748040113,
                                    1.2667333865780164,
                                    -0.17764370322841397,
                                    0.4455752220950787,
                                    -0.05895702384185748,
                                    -0.10214569184486691,
                                    0.39295567051443747,
                                    0.3175962502491187,
                                    0.004433677118849573,
                                    -0.030119002850784334
                                ],
                                [
                                    -0.5021301985147836,
                                    67.57647633408885,
                                    10.785148913377478,
                                    12.357102588557463,
                                    -27.783254317959113,
                                    6.370184497182532,
                                    -24.816617096380334,
                                    3.469236683839517,
                                    -8.022092705186918,
                                    -21.88611303560761,
                                    8.174021922631365,
                                    -6.840292955041727,
                                    -13.227513529004279,
                                    0.702526990515081,
                                    -2.0147369398963773,
                                    -8.282126949152307,
                                    4.239885299141853,
                                    -6.692023387024918,
                                    1.369911360579879,
                                    -2.571764199157436,
                                    1.2629221418407146,
                                    0.5547540039412181,
                                    0.02242108285995225,
                                    -0.1708971468954842
                                ],
                                [
                                    1.904407829110949,
                                    10.785148913377478,
                                    67.31512371757796,
                                    -6.163714050780228,
                                    30.269139155644698,
                                    -20.15744321570769,
                                    11.882077275340036,
                                    -21.468006210405814,
                                    5.728376668567133,
                                    -8.569126013905045,
                                    7.424926564482711,
                                    -20.661583124289837,
                                    10.879740176281967,
                                    -3.592950606118942,
                                    -8.42505388159991,
                                    10.444500779007198,
                                    -8.949488403372614,
                                    2.854644020757057,
                                    -0.6490242298071757,
                                    -1.6026940706695765,
                                    0.8771833939704342,
                                    -0.3893839386310432,
                                    0.2949559811318575,
                                    0.04043896457610659
                                ],
                                [
                                    2.1787348618620737,
                                    12.357102588557463,
                                    -6.163714050780228,
                                    81.25237020306028,
                                    -20.851709882117653,
                                    37.032003878406435,
                                    -17.972759222433588,
                                    32.21984655431563,
                                    -30.383962933585966,
                                    29.81777310679917,
                                    -2.5214292135006136,
                                    23.400074069540477,
                                    0.7042018295602018,
                                    -1.3441681499358116,
                                    5.620352273574032,
                                    -7.947693473923409,
                                    -1.4374301976524855,
                                    -0.9417862254917053,
                                    -0.8137009644591984,
                                    3.4210456092963444,
                                    -2.70163262546341,
                                    0.3901093471528178,
                                    -0.4662062293137179,
                                    0.18242949695033162
                                ],
                                [
                                    -6.434466909565862,
                                    -27.783254317959113,
                                    30.269139155644698,
                                    -20.851709882117653,
                                    137.271444943986,
                                    -18.792021633421502,
                                    38.880262312824314,
                                    -48.05594514068373,
                                    26.334213723729675,
                                    -34.09491396007113,
                                    11.526793455271237,
                                    -9.68883079786971,
                                    -0.9839974005313786,
                                    13.941053561054204,
                                    -9.58587697667325,
                                    10.245899026548585,
                                    -3.0377944615300017,
                                    3.5112409495171075,
                                    1.2769960518034245,
                                    -0.8711160901029817,
                                    0.6150257328317387,
                                    -1.8972716164492418,
                                    0.07708902242196997,
                                    0.2096428215322549
                                ],
                                [
                                    1.877937698477771,
                                    6.370184497182532,
                                    -20.15744321570769,
                                    37.032003878406435,
                                    -18.792021633421502,
                                    124.87449018093879,
                                    -43.000093840293054,
                                    66.77165854643565,
                                    -19.844795735675387,
                                    -4.7338797898061795,
                                    16.406200118680527,
                                    19.370433237270802,
                                    -17.4924016482735,
                                    15.139115790227978,
                                    2.8706544510241785,
                                    -14.10077815154256,
                                    10.33220403002122,
                                    -12.164147862876819,
                                    3.164543177671544,
                                    -1.6576590737131467,
                                    0.9667461633675349,
                                    -0.7897299336408425,
                                    -0.33032967231447374,
                                    0.07710618662471401
                                ],
                                [
                                    0.303541842260643,
                                    -24.816617096380334,
                                    11.882077275340036,
                                    -17.972759222433588,
                                    38.880262312824314,
                                    -43.000093840293054,
                                    106.10135700287313,
                                    -21.710104937466106,
                                    28.051440380175215,
                                    22.84361736344953,
                                    -11.558796815348554,
                                    -5.781990665870566,
                                    26.53240474314272,
                                    -12.681263012257018,
                                    2.172619737422452,
                                    12.797854862603105,
                                    -5.991521750763721,
                                    9.426735620285367,
                                    -1.3245738581226625,
                                    1.9041255390019136,
                                    -1.301820412035787,
                                    -0.1582520817524353,
                                    0.10778578614402208,
                                    0.001017787337497678
                                ],
                                [
                                    2.7755498583633584,
                                    3.469236683839517,
                                    -21.468006210405814,
                                    32.21984655431563,
                                    -48.05594514068373,
                                    66.77165854643565,
                                    -21.710104937466106,
                                    119.18859936667164,
                                    -20.21799573177737,
                                    39.12889181647986,
                                    3.8025758233625373,
                                    24.32213538652045,
                                    -8.295692335241522,
                                    7.5597353637116855,
                                    7.216100935867874,
                                    -8.777919065937283,
                                    6.099760721779348,
                                    -10.004265685321572,
                                    0.18449491123168596,
                                    1.0122426043357078,
                                    -1.011850577227402,
                                    -0.46169210423615686,
                                    0.011950377974714632,
                                    0.1677435472245951
                                ],
                                [
                                    -0.72853757415792,
                                    -8.022092705186918,
                                    5.728376668567133,
                                    -30.383962933585966,
                                    26.334213723729675,
                                    -19.844795735675387,
                                    28.051440380175215,
                                    -20.21799573177737,
                                    78.41027281668278,
                                    -11.680829074577208,
                                    5.183224927079334,
                                    -2.459948836660066,
                                    0.7611893974694082,
                                    0.15837483064932878,
                                    5.675544242225034,
                                    2.3411595725931553,
                                    0.1684342536225959,
                                    0.39652364328198275,
                                    0.9444263382642624,
                                    -0.9885202140041613,
                                    1.1787410568574406,
                                    0.09495304493571588,
                                    0.1376221411907612,
                                    -0.12449446929740668
                                ],
                                [
                                    2.6912020502528984,
                                    -21.88611303560761,
                                    -8.569126013905045,
                                    29.81777310679917,
                                    -34.09491396007113,
                                    -4.7338797898061795,
                                    22.84361736344953,
                                    39.12889181647986,
                                    -11.680829074577208,
                                    122.30172781254234,
                                    -23.723563816918617,
                                    37.03818645255234,
                                    18.232809278787826,
                                    -19.084096435372693,
                                    15.879097300227244,
                                    -2.0532922401974605,
                                    -5.536224474292405,
                                    3.3200185078398246,
                                    -1.2500887164474548,
                                    5.831594633155394,
                                    -3.890516224906896,
                                    1.087695212816279,
                                    -0.0039204704710371786,
                                    0.32855073564170967
                                ],
                                [
                                    -1.5228038932711965,
                                    8.174021922631365,
                                    7.424926564482711,
                                    -2.5214292135006136,
                                    11.526793455271237,
                                    16.406200118680527,
                                    -11.558796815348554,
                                    3.8025758233625373,
                                    5.183224927079334,
                                    -23.723563816918617,
                                    69.22062493855456,
                                    -11.159103650646541,
                                    -1.053452266855779,
                                    8.843692211244043,
                                    -11.942702987118118,
                                    1.7965932821249844,
                                    0.7685183839240375,
                                    -2.9587417953071515,
                                    0.33574681209550045,
                                    -1.733880524857576,
                                    1.1916568919418686,
                                    -0.5023969545816762,
                                    0.014530611405031453,
                                    0.09397382825576307
                                ],
                                [
                                    2.943816245175119,
                                    -6.840292955041727,
                                    -20.661583124289837,
                                    23.400074069540477,
                                    -9.68883079786971,
                                    19.370433237270802,
                                    -5.781990665870566,
                                    24.32213538652045,
                                    -2.459948836660066,
                                    37.03818645255234,
                                    -11.159103650646541,
                                    94.40546032860568,
                                    -12.808331086344603,
                                    6.6333295583125365,
                                    19.812831261603748,
                                    -18.541002498286545,
                                    7.338719017310451,
                                    -4.6923674246972755,
                                    2.2247806323671,
                                    3.326253957585082,
                                    -0.4239251019652925,
                                    0.7638661889557613,
                                    -0.3037239827209297,
                                    0.13639489198400162
                                ],
                                [
                                    1.4052225695010372,
                                    -13.227513529004279,
                                    10.879740176281967,
                                    0.7042018295602018,
                                    -0.9839974005313786,
                                    -17.4924016482735,
                                    26.53240474314272,
                                    -8.295692335241522,
                                    0.7611893974694082,
                                    18.232809278787826,
                                    -1.053452266855779,
                                    -12.808331086344603,
                                    58.86678210137695,
                                    -10.747626666953606,
                                    -2.824411341545856,
                                    8.974020185233794,
                                    -8.540128649271008,
                                    7.791178588085291,
                                    -2.300873122824287,
                                    1.9720361951750824,
                                    -1.2882650988567257,
                                    0.3407542724946141,
                                    -0.07833126431428365,
                                    0.01441879329089956
                                ],
                                [
                                    -0.04003896993635819,
                                    0.702526990515081,
                                    -3.592950606118942,
                                    -1.3441681499358116,
                                    13.941053561054204,
                                    15.139115790227978,
                                    -12.681263012257018,
                                    7.5597353637116855,
                                    0.15837483064932878,
                                    -19.084096435372693,
                                    8.843692211244043,
                                    6.6333295583125365,
                                    -10.747626666953606,
                                    47.87654464167519,
                                    -2.7550573139952244,
                                    -0.621862287226975,
                                    5.042681827077095,
                                    -6.154114412506351,
                                    2.6791085445098255,
                                    -1.7880948406369417,
                                    1.9164031430180883,
                                    -1.0948400481815503,
                                    0.1679231845086899,
                                    -0.004093767672690174
                                ],
                                [
                                    1.1488658748040113,
                                    -2.0147369398963773,
                                    -8.42505388159991,
                                    5.620352273574032,
                                    -9.58587697667325,
                                    2.8706544510241785,
                                    2.172619737422452,
                                    7.216100935867874,
                                    5.675544242225034,
                                    15.879097300227244,
                                    -11.942702987118118,
                                    19.812831261603748,
                                    -2.824411341545856,
                                    -2.7550573139952244,
                                    38.713217960840446,
                                    -5.655344544254411,
                                    3.959081483886958,
                                    -1.4375302067776061,
                                    0.7899736257931688,
                                    2.33139458081024,
                                    -0.7683167007179417,
                                    0.9026712677084463,
                                    -0.20294923498819434,
                                    -0.02009680138092653
                                ],
                                [
                                    1.2667333865780164,
                                    -8.282126949152307,
                                    10.444500779007198,
                                    -7.947693473923409,
                                    10.245899026548585,
                                    -14.10077815154256,
                                    12.797854862603105,
                                    -8.777919065937283,
                                    2.3411595725931553,
                                    -2.0532922401974605,
                                    1.7965932821249844,
                                    -18.541002498286545,
                                    8.974020185233794,
                                    -0.621862287226975,
                                    -5.655344544254411,
                                    31.413777025158986,
                                    -3.000475179083655,
                                    5.263245633730658,
                                    -0.16709770591038567,
                                    -1.9157567707435432,
                                    0.5155295534363807,
                                    -0.42083487094052147,
                                    0.14543998533351188,
                                    0.004238259870317428
                                ],
                                [
                                    -0.17764370322841397,
                                    4.239885299141853,
                                    -8.949488403372614,
                                    -1.4374301976524855,
                                    -3.0377944615300017,
                                    10.33220403002122,
                                    -5.991521750763721,
                                    6.099760721779348,
                                    0.1684342536225959,
                                    -5.536224474292405,
                                    0.7685183839240375,
                                    7.338719017310451,
                                    -8.540128649271008,
                                    5.042681827077095,
                                    3.959081483886958,
                                    -3.000475179083655,
                                    18.6741823380681,
                                    -3.1790796143630957,
                                    1.3365714899810621,
                                    -0.4539351649628356,
                                    0.5292650203457108,
                                    0.08083419333503754,
                                    -0.004128380906755338,
                                    -0.06907724731682106
                                ],
                                [
                                    0.4455752220950787,
                                    -6.692023387024918,
                                    2.854644020757057,
                                    -0.9417862254917053,
                                    3.5112409495171075,
                                    -12.164147862876819,
                                    9.426735620285367,
                                    -10.004265685321572,
                                    0.39652364328198275,
                                    3.3200185078398246,
                                    -2.9587417953071515,
                                    -4.6923674246972755,
                                    7.791178588085291,
                                    -6.154114412506351,
                                    -1.4375302067776061,
                                    5.263245633730658,
                                    -3.1790796143630957,
                                    14.465573155381227,
                                    -1.006122367356257,
                                    0.31922404164516055,
                                    -0.5145632894431119,
                                    0.08403833870111732,
                                    -0.032851096630154474,
                                    0.010794027511634708
                                ],
                                [
                                    -0.05895702384185748,
                                    1.369911360579879,
                                    -0.6490242298071757,
                                    -0.8137009644591984,
                                    1.2769960518034245,
                                    3.164543177671544,
                                    -1.3245738581226625,
                                    0.18449491123168596,
                                    0.9444263382642624,
                                    -1.2500887164474548,
                                    0.33574681209550045,
                                    2.2247806323671,
                                    -2.300873122824287,
                                    2.6791085445098255,
                                    0.7899736257931688,
                                    -0.16709770591038567,
                                    1.3365714899810621,
                                    -1.006122367356257,
                                    7.303163403475639,
                                    -0.0656002311970761,
                                    0.5049892958191534,
                                    -0.141548983201371,
                                    -0.022057768366910997,
                                    0.02175782695371069
                                ],
                                [
                                    -0.10214569184486691,
                                    -2.571764199157436,
                                    -1.6026940706695765,
                                    3.4210456092963444,
                                    -0.8711160901029817,
                                    -1.6576590737131467,
                                    1.9041255390019136,
                                    1.0122426043357078,
                                    -0.9885202140041613,
                                    5.831594633155394,
                                    -1.733880524857576,
                                    3.326253957585082,
                                    1.9720361951750824,
                                    -1.7880948406369417,
                                    2.33139458081024,
                                    -1.9157567707435432,
                                    -0.4539351649628356,
                                    0.31922404164516055,
                                    -0.0656002311970761,
                                    4.819950460736595,
                                    -0.43402428778049135,
                                    0.1349534978907377,
                                    -0.05405865051669293,
                                    0.06033724989045796
                                ],
                                [
                                    0.39295567051443747,
                                    1.2629221418407146,
                                    0.8771833939704342,
                                    -2.70163262546341,
                                    0.6150257328317387,
                                    0.9667461633675349,
                                    -1.301820412035787,
                                    -1.011850577227402,
                                    1.1787410568574406,
                                    -3.890516224906896,
                                    1.1916568919418686,
                                    -0.4239251019652925,
                                    -1.2882650988567257,
                                    1.9164031430180883,
                                    -0.7683167007179417,
                                    0.5155295534363807,
                                    0.5292650203457108,
                                    -0.5145632894431119,
                                    0.5049892958191534,
                                    -0.43402428778049135,
                                    2.229380003228644,
                                    0.007207616684960997,
                                    0.024475785969618812,
                                    -0.03313354058683657
                                ],
                                [
                                    0.3175962502491187,
                                    0.5547540039412181,
                                    -0.3893839386310432,
                                    0.3901093471528178,
                                    -1.8972716164492418,
                                    -0.7897299336408425,
                                    -0.1582520817524353,
                                    -0.46169210423615686,
                                    0.09495304493571588,
                                    1.087695212816279,
                                    -0.5023969545816762,
                                    0.7638661889557613,
                                    0.3407542724946141,
                                    -1.0948400481815503,
                                    0.9026712677084463,
                                    -0.42083487094052147,
                                    0.08083419333503754,
                                    0.08403833870111732,
                                    -0.141548983201371,
                                    0.1349534978907377,
                                    0.007207616684960997,
                                    0.7510870162005104,
                                    0.014269810460236917,
                                    -0.013555256928440854
                                ],
                                [
                                    0.004433677118849573,
                                    0.02242108285995225,
                                    0.2949559811318575,
                                    -0.4662062293137179,
                                    0.07708902242196997,
                                    -0.33032967231447374,
                                    0.10778578614402208,
                                    0.011950377974714632,
                                    0.1376221411907612,
                                    -0.0039204704710371786,
                                    0.014530611405031453,
                                    -0.3037239827209297,
                                    -0.07833126431428365,
                                    0.1679231845086899,
                                    -0.20294923498819434,
                                    0.14543998533351188,
                                    -0.004128380906755338,
                                    -0.032851096630154474,
                                    -0.022057768366910997,
                                    -0.05405865051669293,
                                    0.024475785969618812,
                                    0.014269810460236917,
                                    0.10032315779615476,
                                    -0.00331819636969207
                                ],
                                [
                                    -0.030119002850784334,
                                    -0.1708971468954842,
                                    0.04043896457610659,
                                    0.18242949695033162,
                                    0.2096428215322549,
                                    0.07710618662471401,
                                    0.001017787337497678,
                                    0.1677435472245951,
                                    -0.12449446929740668,
                                    0.32855073564170967,
                                    0.09397382825576307,
                                    0.13639489198400162,
                                    0.01441879329089956,
                                    -0.004093767672690174,
                                    -0.02009680138092653,
                                    0.004238259870317428,
                                    -0.06907724731682106,
                                    0.010794027511634708,
                                    0.02175782695371069,
                                    0.06033724989045796,
                                    -0.03313354058683657,
                                    -0.013555256928440854,
                                    -0.00331819636969207,
                                    0.03226168354376971
                                ]
                            ]
                        ],
                        "frozen" : false
                    },
                    {
                        "class" : "Distribution",
                        "name" : "MultivariateGaussianDistribution",
                        "parameters" : [
                            [
                                14.744458361198788,
                                -27.030383943838977,
                                2.2453387779991876,
                                -10.295024899553358,
                                -7.087735251707014,
                                -6.811563888552452,
                                0.06451344672807766,
                                -3.4201306834268013,
                                -2.4033062119793476,
                                0.10450267566025882,
                                -2.594249512301631,
                                -8.274807287742638,
                                1.9093808669257089,
                                -1.5545595792559475,
                                -1.3096541408999112,
                                2.8174570094662705,
                                -1.3112121423321914,
                                1.3273324611151558,
                                -0.8411758622435105,
                                0.18668575126842113,
                                -0.23231209658303859,
                                -0.025814193033709316,
                                0.04691083018563422,
                                0.006395280979612517
                            ],
                            [
                                [
                                    4.851631488643593,
                                    -0.5021301985147836,
                                    1.904407829110949,
                                    2.1787348618620737,
                                    -6.434466909565862,
                                    1.877937698477771,
                                    0.303541842260643,
                                    2.7755498583633584,
                                    -0.72853757415792,
                                    2.6912020502528984,
                                    -1.5228038932711965,
                                    2.943816245175119,
                                    1.4052225695010372,
                                    -0.04003896993635819,
                                    1.1488658748040113,
                                    1.2667333865780164,
                                    -0.17764370322841397,
                                    0.4455752220950787,
                                    -0.05895702384185748,
                                    -0.10214569184486691,
                                    0.39295567051443747,
                                    0.3175962502491187,
                                    0.004433677118849573,
                                    -0.030119002850784334
                                ],
                                [
                                    -0.5021301985147836,
                                    67.57647633408885,
                                    10.785148913377478,
                                    12.357102588557463,
                                    -27.783254317959113,
                                    6.370184497182532,
                                    -24.816617096380334,
                                    3.469236683839517,
                                    -8.022092705186918,
                                    -21.88611303560761,
                                    8.174021922631365,
                                    -6.840292955041727,
                                    -13.227513529004279,
