{
    "class" : "HiddenMarkovModel",
    "name" : "None",
    "start" : {
        "class" : "State",
        "distribution" : null,
        "name" : "None-start",
        "weight" : 1.0
    },
    "end" : {
        "class" : "State",
        "distribution" : null,
        "name" : "None-end",
        "weight" : 1.0
    },
    "states" : [
        {
            "class" : "State",
            "distribution" : {
                "class" : "GeneralMixtureModel",
                "distributions" : [
                    {
                        "class" : "Distribution",
                        "name" : "MultivariateGaussianDistribution",
                        "parameters" : [
                            [
                                14.725925961446542,
                                -26.909218303905583,
                                3.2230168046955976,
                                -11.58105683553941,
                                -6.660841749375054,
                                -8.030311886907548,
                                0.537372291347153,
                                -4.103747082147151,
                                -2.0611227528051996,
                                -0.5415908862972253,
                                -1.7885852446122161,
                                -9.579366768693713,
                                2.295703043112052,
                                -1.6728422964629093,
                                -1.3464300188673108,
                                3.0672043931117594,
                                -1.1697686041781645,
                                1.3385794251316165,
                                -0.6968879429669323,
                                0.19918434468346766,
                                -0.19789072198429097,
                                -0.02104948646341779,
                                0.06399836150562101,
                                0.003441004735319767
                            ],
                            [
                                [
                                    4.0825588786350195,
                                    -0.2139113466779631,
                                    0.415357391797813,
                                    2.4249815321797716,
                                    -6.882923664893213,
                                    1.9711105867755736,
                                    -0.2789108048846147,
                                    3.6262555394717135,
                                    -0.32352885775735807,
                                    1.6033481896884596,
                                    -0.38237170220834177,
                                    3.0337255487462174,
                                    1.364869296324097,
                                    0.520589960058211,
                                    1.3639449425605785,
                                    0.7022351786667879,
                                    0.29909470281109385,
                                    0.18443577554441343,
                                    0.1588926114763517,
                                    -0.116318437314759,
                                    0.5099438114303787,
                                    0.28264374313022794,
                                    -0.024173242745867574,
                                    -0.06886607527665187
                                ],
                                [
                                    -0.2139113466779631,
                                    74.82215313697851,
                                    12.788172026865864,
                                    9.789956403819607,
                                    -39.37879731884744,
                                    -3.0257886293590857,
                                    -29.666776411841525,
                                    -1.7235796788684166,
                                    -12.547814978356577,
                                    -16.063962923879238,
                                    3.8718674738402274,
                                    -5.057277144400126,
                                    -11.575383524068764,
                                    -2.3723383930767707,
                                    -3.520842011808534,
                                    -8.932853374646136,
                                    3.7263642643806367,
                                    -6.120647843909539,
                                    0.7970441563899967,
                                    -2.1386215293034567,
                                    0.9043788779836742,
                                    0.9998909988023726,
                                    0.06510580223214721,
                                    -0.16661000290221933
                                ],
                                [
                                    0.415357391797813,
                                    12.788172026865864,
                                    69.32630996871255,
                                    -5.682268771794901,
                                    22.653625462630057,
                                    -24.804735250737775,
                                    7.10676163788013,
                                    -16.742319064112486,
                                    5.884766737980831,
                                    -12.754962007099122,
                                    8.26148959303609,
                                    -20.587444058759285,
                                    12.4596999507642,
                                    -1.8649247029613463,
                                    -9.820573118753044,
                                    10.530625125205782,
                                    -6.8893609166114,
                                    -0.9757099391072297,
                                    -0.7431668398956374,
                                    -2.5756982264435937,
                                    1.0457363186005064,
                                    -0.30417727997917554,
                                    0.154563024333124,
                                    0.0035465356128864573
                                ],
                                [
                                    2.4249815321797716,
                                    9.789956403819607,
                                    -5.682268771794901,
                                    73.42366325562374,
                                    -14.904390465828667,
                                    19.418213930418304,
                                    -10.887320300887621,
                                    21.165637627023834,
                                    -27.04598842617357,
                                    37.197966108503095,
                                    -6.90747627782679,
                                    23.695929219607194,
                                    1.393297157893153,
                                    -2.908649819085828,
                                    7.807159429360803,
                                    -7.343003361553501,
                                    -1.2350384537638837,
                                    1.739774686921169,
                                    -0.3327231373392466,
                                    4.38226610315239,
                                    -2.4114052273230526,
                                    0.37433204568421224,
                                    -0.3173914477051568,
                                    0.20047538171279178
                                ],
                                [
                                    -6.882923664893213,
                                    -39.37879731884744,
                                    22.653625462630057,
                                    -14.904390465828667,
                                    139.89236339519073,
                                    -7.595604295427947,
                                    32.39117889939994,
                                    -45.43916628181318,
                                    26.231431068601598,
                                    -32.874472330985604,
                                    10.171655028758604,
                                    4.4819339450136635,
                                    -3.9382873255251263,
                                    17.739911881981193,
                                    -4.352609981775773,
                                    5.985691028046729,
                                    -0.5967661963330658,
                                    0.512715851945576,
                                    1.469263210060667,
                                    -0.4169574265592958,
                                    0.4874464063546631,
                                    -1.5356332464625664,
                                    -0.07156787194202735,
                                    0.23704338185994256
                                ],
                                [
                                    1.9711105867755736,
                                    -3.0257886293590857,
                                    -24.804735250737775,
                                    19.418213930418304,
                                    -7.595604295427947,
                                    110.80208225808495,
                                    -27.82635475585768,
                                    53.77239900163446,
                                    -15.712770565476,
                                    -0.7297260559674887,
                                    10.86504509517501,
                                    11.073762681443883,
                                    -14.019683089043394,
                                    12.364805273040348,
                                    0.7274340728207879,
                                    -8.736158983627108,
                                    10.208622639939065,
                                    -6.93859834658715,
                                    3.9846504454443235,
                                    -0.17163790863703937,
                                    1.5121407893149572,
                                    -0.6051187028720948,
                                    -0.3029037715691391,
                                    -0.0389787391080417
                                ],
                                [
                                    -0.2789108048846147,
                                    -29.666776411841525,
                                    7.10676163788013,
                                    -10.887320300887621,
                                    32.39117889939994,
                                    -27.82635475585768,
                                    95.09033330254711,
                                    -6.967642281505304,
                                    25.33499795413776,
                                    20.581465498660076,
                                    -6.561920476505453,
                                    -1.1641106755888482,
                                    23.110416786646446,
                                    -8.539971262409626,
                                    2.2283809109463686,
                                    11.55457179836409,
                                    -4.4809849099626,
                                    5.721915979695502,
                                    -1.1749218161396038,
                                    1.4239491309817471,
                                    -0.7281843736324723,
                                    -0.12346794039277642,
                                    0.07618700989857345,
                                    0.014054787660510302
                                ],
                                [
                                    3.6262555394717135,
                                    -1.7235796788684166,
                                    -16.742319064112486,
                                    21.165637627023834,
                                    -45.43916628181318,
                                    53.77239900163446,
                                    -6.967642281505304,
                                    107.80308680758337,
                                    -13.851829480768352,
                                    43.03922282565415,
                                    -1.1959980657463587,
                                    14.954580221150815,
                                    -3.3579334097108156,
                                    2.8648683017791363,
                                    6.253549154859906,
                                    -3.609635271478646,
                                    5.991365230675775,
                                    -7.318156984043137,
                                    0.5503777508600419,
                                    1.1943812528073132,
                                    -1.207233654893768,
                                    0.07477137958035446,
                                    0.16439336501878307,
                                    0.01953357681635215
                                ],
                                [
                                    -0.32352885775735807,
                                    -12.547814978356577,
                                    5.884766737980831,
                                    -27.04598842617357,
                                    26.231431068601598,
                                    -15.712770565476,
                                    25.33499795413776,
                                    -13.851829480768352,
                                    78.8357672138039,
                                    -12.265620400854523,
                                    9.304574357425611,
                                    3.1255172223273857,
                                    -0.035349690305472664,
                                    -0.6855714423175514,
                                    3.92082609369121,
                                    -1.03599018069423,
                                    -1.0917070728327132,
                                    0.3090555132070104,
                                    0.41422818350121404,
                                    -0.09877838290170601,
                                    0.2632936657736161,
                                    0.6727535639877391,
                                    0.1288644414771166,
                                    -0.04072704006582545
                                ],
                                [
                                    1.6033481896884596,
                                    -16.063962923879238,
                                    -12.754962007099122,
                                    37.197966108503095,
                                    -32.874472330985604,
                                    -0.7297260559674887,
                                    20.581465498660076,
                                    43.03922282565415,
                                    -12.265620400854523,
                                    127.71149785008633,
                                    -24.755596562507694,
                                    39.42358873982525,
                                    13.809164849045903,
                                    -17.706598101775793,
                                    19.041031118398312,
                                    -7.15122075878384,
                                    -3.0713601401876094,
                                    1.6276733700840247,
                                    -1.5204129436280405,
                                    5.641485377444368,
                                    -3.751375232638905,
                                    0.48672891009450464,
                                    0.21109180302425642,
                                    0.35126133903470685
                                ],
                                [
                                    -0.38237170220834177,
                                    3.8718674738402274,
                                    8.26148959303609,
                                    -6.90747627782679,
                                    10.171655028758604,
                                    10.86504509517501,
                                    -6.561920476505453,
                                    -1.1959980657463587,
                                    9.304574357425611,
                                    -24.755596562507694,
                                    68.51912037202139,
                                    -10.029644358534526,
                                    3.14751140011752,
                                    6.22207793292377,
                                    -14.88697846384652,
                                    5.090962229992514,
                                    0.7422550368217011,
                                    -2.2947570513786393,
                                    0.4087747081082931,
                                    -1.2913813049802534,
                                    1.6569794073145254,
                                    0.17872968583313062,
                                    -0.06827349601331309,
                                    0.02951540569035692
                                ],
                                [
                                    3.0337255487462174,
                                    -5.057277144400126,
                                    -20.587444058759285,
                                    23.695929219607194,
                                    4.4819339450136635,
                                    11.073762681443883,
                                    -1.1641106755888482,
                                    14.954580221150815,
                                    3.1255172223273857,
                                    39.42358873982525,
                                    -10.029644358534526,
                                    106.50952615356914,
                                    -16.848611361013077,
                                    7.002913500240841,
                                    25.172480935071647,
                                    -24.20111777580333,
                                    9.030795532484335,
                                    -3.75146556335899,
                                    1.66567933891299,
                                    4.664746661036547,
                                    -0.3860783713201286,
                                    0.5268308768139652,
                                    -0.14924190963566464,
                                    0.13637288766015104
                                ],
                                [
                                    1.364869296324097,
                                    -11.575383524068764,
                                    12.4596999507642,
                                    1.393297157893153,
                                    -3.9382873255251263,
                                    -14.019683089043394,
                                    23.110416786646446,
                                    -3.3579334097108156,
                                    -0.035349690305472664,
                                    13.809164849045903,
                                    3.14751140011752,
                                    -16.848611361013077,
                                    59.896090060289374,
                                    -8.154485456262734,
                                    -5.06800940480874,
                                    10.62340679243224,
                                    -7.7172228225379,
                                    6.685432485907233,
                                    -1.7528758840134544,
                                    0.7285491599076721,
                                    -0.1339674950844298,
                                    -0.18166305748746706,
                                    -0.0658876143271592,
                                    -0.050978533257052094
                                ],
                                [
                                    0.520589960058211,
                                    -2.3723383930767707,
                                    -1.8649247029613463,
                                    -2.908649819085828,
                                    17.739911881981193,
                                    12.364805273040348,
                                    -8.539971262409626,
                                    2.8648683017791363,
                                    -0.6855714423175514,
                                    -17.706598101775793,
                                    6.22207793292377,
                                    7.002913500240841,
                                    -8.154485456262734,
                                    42.35411377955785,
                                    -0.8785057375014262,
                                    0.16701551628355657,
                                    4.789758267340629,
                                    -5.446221127274588,
                                    2.565539195926565,
                                    -1.1105233774327554,
                                    1.8440341243408467,
                                    -0.7480268319273469,
                                    0.04312842977053972,
                                    0.0034128378940666616
                                ],
                                [
                                    1.3639449425605785,
                                    -3.520842011808534,
                                    -9.820573118753044,
                                    7.807159429360803,
                                    -4.352609981775773,
                                    0.7274340728207879,
                                    2.2283809109463686,
                                    6.253549154859906,
                                    3.92082609369121,
                                    19.041031118398312,
                                    -14.88697846384652,
                                    25.172480935071647,
                                    -5.06800940480874,
                                    -0.8785057375014262,
                                    39.044579785823714,
                                    -7.596261535063596,
                                    4.3567540497351285,
                                    -0.7676002305410778,
                                    0.34734415171982075,
                                    2.935020065484838,
                                    -0.8850707182465549,
                                    0.7277018833275732,
                                    0.0036627883376765193,
                                    0.02958764729733081
                                ],
                                [
                                    0.7022351786667879,
                                    -8.932853374646136,
                                    10.530625125205782,
                                    -7.343003361553501,
                                    5.985691028046729,
                                    -8.736158983627108,
                                    11.55457179836409,
                                    -3.609635271478646,
                                    -1.03599018069423,
                                    -7.15122075878384,
                                    5.090962229992514,
                                    -24.20111777580333,
                                    10.62340679243224,
                                    0.16701551628355657,
                                    -7.596261535063596,
                                    32.997953420132845,
                                    -1.8508307580344623,
                                    4.51370936311099,
                                    -0.046526206963714505,
                                    -2.7916769293265378,
                                    0.7310102044013743,
                                    -0.6577171536857856,
                                    -0.0487736202751333,
                                    -0.013865264688159079
                                ],
                                [
                                    0.29909470281109385,
                                    3.7263642643806367,
                                    -6.8893609166114,
                                    -1.2350384537638837,
                                    -0.5967661963330658,
                                    10.208622639939065,
                                    -4.4809849099626,
                                    5.991365230675775,
                                    -1.0917070728327132,
                                    -3.0713601401876094,
                                    0.7422550368217011,
                                    9.030795532484335,
                                    -7.7172228225379,
                                    4.789758267340629,
                                    4.3567540497351285,
                                    -1.8508307580344623,
                                    18.707377550777387,
                                    -2.1928730655021935,
                                    1.035677829429415,
                                    -0.37070438562110714,
                                    0.5580844861481015,
                                    0.12671292097251866,
                                    0.07370863363589866,
                                    -0.104869192640647
                                ],
                                [
                                    0.18443577554441343,
                                    -6.120647843909539,
                                    -0.9757099391072297,
                                    1.739774686921169,
                                    0.512715851945576,
                                    -6.93859834658715,
                                    5.721915979695502,
                                    -7.318156984043137,
                                    0.3090555132070104,
                                    1.6276733700840247,
                                    -2.2947570513786393,
                                    -3.75146556335899,
                                    6.685432485907233,
                                    -5.446221127274588,
                                    -0.7676002305410778,
                                    4.51370936311099,
                                    -2.1928730655021935,
                                    13.2247204679216,
                                    -0.8775096281742528,
                                    0.2748705497259547,
                                    -0.6169737162459537,
                                    -0.05399109727150503,
                                    -0.08572820040310077,
                                    0.017248833745585945
                                ],
                                [
                                    0.1588926114763517,
                                    0.7970441563899967,
                                    -0.7431668398956374,
                                    -0.3327231373392466,
                                    1.469263210060667,
                                    3.9846504454443235,
                                    -1.1749218161396038,
                                    0.5503777508600419,
                                    0.41422818350121404,
                                    -1.5204129436280405,
                                    0.4087747081082931,
                                    1.66567933891299,
                                    -1.7528758840134544,
                                    2.565539195926565,
                                    0.34734415171982075,
                                    -0.046526206963714505,
                                    1.035677829429415,
                                    -0.8775096281742528,
                                    6.961508828456957,
                                    -0.18430298871469955,
                                    0.6097732372270089,
                                    -0.11927320702108,
                                    -0.06284206883459655,
                                    0.019502504395729394
                                ],
                                [
                                    -0.116318437314759,
                                    -2.1386215293034567,
                                    -2.5756982264435937,
                                    4.38226610315239,
                                    -0.4169574265592958,
                                    -0.17163790863703937,
                                    1.4239491309817471,
                                    1.1943812528073132,
                                    -0.09877838290170601,
                                    5.641485377444368,
                                    -1.2913813049802534,
                                    4.664746661036547,
                                    0.7285491599076721,
                                    -1.1105233774327554,
                                    2.935020065484838,
                                    -2.7916769293265378,
                                    -0.37070438562110714,
                                    0.2748705497259547,
                                    -0.18430298871469955,
                                    4.905088769745146,
                                    -0.3806454880198394,
                                    0.07898243503558798,
                                    -0.026754794726108116,
                                    0.06941028893326535
                                ],
                                [
                                    0.5099438114303787,
                                    0.9043788779836742,
                                    1.0457363186005064,
                                    -2.4114052273230526,
                                    0.4874464063546631,
                                    1.5121407893149572,
                                    -0.7281843736324723,
                                    -1.207233654893768,
                                    0.2632936657736161,
                                    -3.751375232638905,
                                    1.6569794073145254,
                                    -0.3860783713201286,
                                    -0.1339674950844298,
                                    1.8440341243408467,
                                    -0.8850707182465549,
                                    0.7310102044013743,
                                    0.5580844861481015,
                                    -0.6169737162459537,
                                    0.6097732372270089,
                                    -0.3806454880198394,
                                    2.451413845528492,
                                    0.02561356313144936,
                                    -0.017647490021145205,
                                    -0.0505872960172306
                                ],
                                [
                                    0.28264374313022794,
                                    0.9998909988023726,
                                    -0.30417727997917554,
                                    0.37433204568421224,
                                    -1.5356332464625664,
                                    -0.6051187028720948,
                                    -0.12346794039277642,
                                    0.07477137958035446,
                                    0.6727535639877391,
                                    0.48672891009450464,
                                    0.17872968583313062,
                                    0.5268308768139652,
                                    -0.18166305748746706,
                                    -0.7480268319273469,
                                    0.7277018833275732,
                                    -0.6577171536857856,
                                    0.12671292097251866,
                                    -0.05399109727150503,
                                    -0.11927320702108,
                                    0.07898243503558798,
                                    0.02561356313144936,
                                    0.7743367579708395,
                                    0.03289877686748249,
                                    -0.00921348823344195
                                ],
                                [
                                    -0.024173242745867574,
                                    0.06510580223214721,
                                    0.154563024333124,
                                    -0.3173914477051568,
                                    -0.07156787194202735,
                                    -0.3029037715691391,
                                    0.07618700989857345,
                                    0.16439336501878307,
                                    0.1288644414771166,
                                    0.21109180302425642,
                                    -0.06827349601331309,
                                    -0.14924190963566464,
                                    -0.0658876143271592,
                                    0.04312842977053972,
                                    0.0036627883376765193,
                                    -0.0487736202751333,
                                    0.07370863363589866,
                                    -0.08572820040310077,
                                    -0.06284206883459655,
                                    -0.026754794726108116,
                                    -0.017647490021145205,
                                    0.03289877686748249,
                                    0.1038962875814525,
                                    -0.004102947008923408
                                ],
                                [
                                    -0.06886607527665187,
                                    -0.16661000290221933,
                                    0.0035465356128864573,
                                    0.20047538171279178,
                                    0.23704338185994256,
                                    -0.0389787391080417,
                                    0.014054787660510302,
                                    0.01953357681635215,
                                    -0.04072704006582545,
                                    0.35126133903470685,
                                    0.02951540569035692,
                                    0.13637288766015104,
                                    -0.050978533257052094,
                                    0.0034128378940666616,
                                    0.02958764729733081,
                                    -0.013865264688159079,
                                    -0.104869192640647,
                                    0.017248833745585945,
                                    0.019502504395729394,
                                    0.06941028893326535,
                                    -0.0505872960172306,
                                    -0.00921348823344195,
                                    -0.004102947008923408,
                                    0.03222153025805208
                                ]
                            ]
                        ],
                        "frozen" : false
                    },
                    {
                        "class" : "Distribution",
                        "name" : "MultivariateGaussianDistribution",
                        "parameters" : [
                            [
                                14.725925961446542,
                                -26.909218303905583,
                                3.2230168046955976,
                                -11.58105683553941,
                                -6.660841749375054,
                                -8.030311886907548,
                                0.537372291347153,
                                -4.103747082147151,
                                -2.0611227528051996,
                                -0.5415908862972253,
                                -1.7885852446122161,
                                -9.579366768693713,
                                2.295703043112052,
                                -1.6728422964629093,
                                -1.3464300188673108,
                                3.0672043931117594,
                                -1.1697686041781645,
                                1.3385794251316165,
                                -0.6968879429669323,
                                0.19918434468346766,
                                -0.19789072198429097,
                                -0.02104948646341779,
                                0.06399836150562101,
                                0.003441004735319767
                            ],
                            [
                                [
                                    4.0825588786350195,
                                    -0.2139113466779631,
                                    0.415357391797813,
                                    2.4249815321797716,
                                    -6.882923664893213,
                                    1.9711105867755736,
                                    -0.2789108048846147,
                                    3.6262555394717135,
                                    -0.32352885775735807,
                                    1.6033481896884596,
                                    -0.38237170220834177,
                                    3.0337255487462174,
                                    1.364869296324097,
                                    0.520589960058211,
                                    1.3639449425605785,
                                    0.7022351786667879,
                                    0.29909470281109385,
                                    0.18443577554441343,
                                    0.1588926114763517,
                                    -0.116318437314759,
                                    0.5099438114303787,
                                    0.28264374313022794,
                                    -0.024173242745867574,
                                    -0.06886607527665187
                                ],
                                [
                                    -0.2139113466779631,
                                    74.82215313697851,
                                    12.788172026865864,
                                    9.789956403819607,
                                    -39.37879731884744,
                                    -3.0257886293590857,
                                    -29.666776411841525,
                                    -1.7235796788684166,
                                    -12.547814978356577,
                                    -16.063962923879238,
                                    3.8718674738402274,
                                    -5.057277144400126,
                                    -11.575383524068764,
