{
    "class" : "HiddenMarkovModel",
    "name" : "None",
    "start" : {
        "class" : "State",
        "distribution" : null,
        "name" : "None-start",
        "weight" : 1.0
    },
    "end" : {
        "class" : "State",
        "distribution" : null,
        "name" : "None-end",
        "weight" : 1.0
    },
    "states" : [
        {
            "class" : "State",
            "distribution" : {
                "class" : "GeneralMixtureModel",
                "distributions" : [
                    {
                        "class" : "Distribution",
                        "name" : "MultivariateGaussianDistribution",
                        "parameters" : [
                            [
                                15.489830402212895,
                                -14.934159970685105,
                                -13.516203611649797,
                                -11.958891230542555,
                                -5.187858765250933,
                                3.0048363582893187,
                                -9.234593722548583,
                                0.6323442934775458,
                                -4.125456710747208,
                                -5.6358653108243,
                                -3.882364119520721,
                                -0.24407801551463995,
                                -1.2281400241209146,
                                -0.008269608090861658,
                                -2.4105339981943894,
                                1.108393655734921,
                                -0.35597302798926156,
                                -0.7754341158592924,
                                -1.360976553551731,
                                0.13405890487206076,
                                -0.30185686481629515,
                                -0.019963217813444706,
                                0.0109860041317549,
                                -0.017942676582448795
                            ],
                            [
                                [
                                    11.729903350694158,
                                    21.907379148887372,
                                    -23.405679290712666,
                                    -32.30449438367157,
                                    10.000989763842208,
                                    5.485868247524366,
                                    -3.5847620091744106,
                                    -11.389520853566873,
                                    7.038157015414071,
                                    -4.984690537612634,
                                    -8.679806247969857,
                                    3.1537252907062006,
                                    2.625584221335044,
                                    2.1226306780614643,
                                    -4.437467407607853,
                                    0.7273182389345484,
                                    1.0461071811086633,
                                    -1.3069989585805157,
                                    -2.2191335423218552,
                                    -2.0274588672622746,
                                    0.33560373455661247,
                                    -0.22082087158243194,
                                    0.20201410220156868,
                                    -0.0702016284991323
                                ],
                                [
                                    21.907379148887372,
                                    187.0458166794929,
                                    -65.11266044821633,
                                    -170.61125815526123,
                                    84.51642274510509,
                                    6.397851065149371,
                                    -0.6204025871768298,
                                    -86.84991619692086,
                                    57.997486021028315,
                                    -59.86818893383441,
                                    -31.661086525784295,
                                    -0.10070768490787367,
                                    17.658927387337187,
                                    3.2699022496576537,
                                    -23.176756202293102,
                                    -2.5781269196490233,
                                    0.6835874622203896,
                                    -5.614147830466647,
                                    -9.321358360682192,
                                    -7.498503899221716,
                                    2.680063243914371,
                                    -0.5702381155734523,
                                    0.6190468071466543,
                                    -0.21546446234514047
                                ],
                                [
                                    -23.405679290712666,
                                    -65.11266044821633,
                                    121.3654142571871,
                                    133.24078675627257,
                                    -49.739639312307496,
                                    5.986626927775335,
                                    -2.3605711074452533,
                                    45.68237323330465,
                                    -36.906213966568714,
                                    33.29406766733093,
                                    29.85864269596781,
                                    -6.507521623720911,
                                    -9.364317858075353,
                                    -2.0952380696825195,
                                    14.061737169074783,
                                    -4.1856676408202285,
                                    -5.739790605210084,
                                    0.2659804366251965,
                                    7.701253024700333,
                                    5.7168500218487,
                                    -1.4513474053829611,
                                    1.0160621675652373,
                                    -0.5335588869744337,
                                    0.31624968608590187
                                ],
                                [
                                    -32.30449438367157,
                                    -170.61125815526123,
                                    133.24078675627257,
                                    307.3585032542522,
                                    -114.14007702658782,
                                    10.180629049407385,
                                    -8.662010473967188,
                                    117.43019742822483,
                                    -71.55225910462275,
                                    56.64234366810518,
                                    57.54784980295931,
                                    6.31597989602111,
                                    -31.60398747917928,
                                    1.2746605081983593,
                                    29.481478651206235,
                                    -0.40368257100832383,
                                    -6.058713646164896,
                                    2.2975936213233825,
                                    13.950678820033769,
                                    11.38092858799138,
                                    -4.48679216172371,
                                    1.5588581136366448,
                                    -0.910341194555198,
                                    0.4071559036228501
                                ],
                                [
                                    10.000989763842208,
                                    84.51642274510509,
                                    -49.739639312307496,
                                    -114.14007702658782,
                                    148.3303265886509,
                                    3.4580830761631067,
                                    20.358914664032866,
                                    -67.44255626323124,
                                    45.82215174115094,
                                    -13.709282693886554,
                                    -40.84041189324027,
                                    2.357082531938573,
                                    22.532752017380272,
                                    -1.834144626984496,
                                    -7.123651128825743,
                                    4.309928003638865,
                                    11.050350655854755,
                                    0.15041118163851677,
                                    -12.662860012635482,
                                    -4.741949441517603,
                                    2.803155328872368,
                                    -1.6643743712387218,
                                    0.629089326326289,
                                    -0.15879433408842136
                                ],
                                [
                                    5.485868247524366,
                                    6.397851065149371,
                                    5.986626927775335,
                                    10.180629049407385,
                                    3.4580830761631067,
                                    103.64635982883308,
                                    -13.246414625912324,
                                    18.845466735243125,
                                    -2.4633940020914413,
                                    10.269905366394099,
                                    7.670669396998858,
                                    -10.462090023677879,
                                    -1.8503456860323797,
                                    5.592003824199872,
                                    -4.558892545842374,
                                    -3.7047815365733787,
                                    3.525977306926372,
                                    -1.7497804313310688,
                                    -3.7626917095988692,
                                    0.22655766020543325,
                                    -0.6051199215825719,
                                    -0.15784018587653423,
                                    -0.12020155490624367,
                                    -0.029766706992557727
                                ],
                                [
                                    -3.5847620091744106,
                                    -0.6204025871768298,
                                    -2.3605711074452533,
                                    -8.662010473967188,
                                    20.358914664032866,
                                    -13.246414625912324,
                                    81.64137815180543,
                                    -13.276128211670438,
                                    13.149422212809732,
                                    5.0461183405183325,
                                    -3.8547695515091323,
                                    4.031382062165454,
                                    -1.193489621808069,
                                    4.619934979417977,
                                    7.20224450982009,
                                    -1.9434497994674542,
                                    2.945489675400749,
                                    2.538452036155839,
                                    2.1459612630109315,
                                    1.6211119110969523,
                                    -0.05079679198627501,
                                    -0.23604373669913184,
                                    -0.07883294159972642,
                                    0.0593372571611562
                                ],
                                [
                                    -11.389520853566873,
                                    -86.84991619692086,
                                    45.68237323330465,
                                    117.43019742822483,
                                    -67.44255626323124,
                                    18.845466735243125,
                                    -13.276128211670438,
                                    124.48339962894357,
                                    -27.466675172855844,
                                    11.026784628130182,
                                    34.07996814933169,
                                    -3.5015287107420257,
                                    -10.354629356491772,
                                    -2.434680009830371,
                                    4.381365860560698,
                                    8.758559218522684,
                                    -7.792996988179302,
                                    0.8380766137485969,
                                    8.94091903554374,
                                    4.587781204588757,
                                    -2.117453733610287,
                                    0.7980739496728848,
                                    -0.34408011871877064,
                                    -0.031228085010753588
                                ],
                                [
                                    7.038157015414071,
                                    57.997486021028315,
                                    -36.906213966568714,
                                    -71.55225910462275,
                                    45.82215174115094,
                                    -2.4633940020914413,
                                    13.149422212809732,
                                    -27.466675172855844,
                                    90.40897952501913,
                                    -26.847601589548884,
                                    -15.096952623580107,
                                    8.479403583104448,
                                    8.968113784691475,
                                    6.400943683009808,
                                    -8.433975896899632,
                                    0.6336517912138946,
                                    7.104321225547838,
                                    -0.3776406025895601,
                                    -2.2145200742067432,
                                    -2.5865466197489826,
                                    0.4912660585177571,
                                    -0.6449343674553824,
                                    0.10215528385309533,
                                    -0.1987953352962709
                                ],
                                [
                                    -4.984690537612634,
                                    -59.86818893383441,
                                    33.29406766733093,
                                    56.64234366810518,
                                    -13.709282693886554,
                                    10.269905366394099,
                                    5.0461183405183325,
                                    11.026784628130182,
                                    -26.847601589548884,
                                    125.33538488223172,
                                    3.4141924827781995,
                                    2.732177612405464,
                                    9.285946635769939,
                                    -2.3774122599049976,
                                    17.903999108870764,
                                    -11.528066500140808,
                                    6.081291452676094,
                                    5.606399778954224,
                                    -2.07027066031891,
                                    2.3710712486257246,
                                    -0.29742787261974024,
                                    -0.3750628219164526,
                                    0.0190864960216958,
                                    0.3384810225640491
                                ],
                                [
                                    -8.679806247969857,
                                    -31.661086525784295,
                                    29.85864269596781,
                                    57.54784980295931,
                                    -40.84041189324027,
                                    7.670669396998858,
                                    -3.8547695515091323,
                                    34.07996814933169,
                                    -15.096952623580107,
                                    3.4141924827781995,
                                    78.04174585656533,
                                    -1.7007076180670224,
                                    -11.897610775468289,
                                    2.156759848415637,
                                    4.160608004122407,
                                    1.4162739204612467,
                                    -8.450628180247753,
                                    0.38102146300694634,
                                    7.7781980861347835,
                                    1.8680556031966613,
                                    -0.8050255244595758,
                                    1.5640061854060583,
                                    -0.1614616724849394,
                                    0.0509001883937172
                                ],
                                [
                                    3.1537252907062006,
                                    -0.10070768490787367,
                                    -6.507521623720911,
                                    6.31597989602111,
                                    2.357082531938573,
                                    -10.462090023677879,
                                    4.031382062165454,
                                    -3.5015287107420257,
                                    8.479403583104448,
                                    2.732177612405464,
                                    -1.7007076180670224,
                                    52.08535696098928,
                                    5.201946947521739,
                                    3.7191578608920355,
                                    1.9220652393963409,
                                    2.1410363762042435,
                                    4.931165816839073,
                                    0.8910868309652789,
                                    -0.8995584102761226,
                                    -0.49573734406907766,
                                    -0.8740896964011434,
                                    -0.8504634741181962,
                                    0.032379647969152416,
                                    0.1018882662741381
                                ],
                                [
                                    2.625584221335044,
                                    17.658927387337187,
                                    -9.364317858075353,
                                    -31.60398747917928,
                                    22.532752017380272,
                                    -1.8503456860323797,
                                    -1.193489621808069,
                                    -10.354629356491772,
                                    8.968113784691475,
                                    9.285946635769939,
                                    -11.897610775468289,
                                    5.201946947521739,
                                    44.81411526774125,
                                    -0.8302523445932836,
                                    -3.569308945831146,
                                    -0.08018418792392606,
                                    2.7246888354596646,
                                    0.8929601284851278,
                                    -3.573780041583494,
                                    -1.9433887505785692,
                                    1.8690475828215394,
                                    -0.45571927470534507,
                                    0.1424200144904324,
                                    -0.05609347009985652
                                ],
                                [
                                    2.1226306780614643,
                                    3.2699022496576537,
                                    -2.0952380696825195,
                                    1.2746605081983593,
                                    -1.834144626984496,
                                    5.592003824199872,
                                    4.619934979417977,
                                    -2.434680009830371,
                                    6.400943683009808,
                                    -2.3774122599049976,
                                    2.156759848415637,
                                    3.7191578608920355,
                                    -0.8302523445932836,
                                    34.7726871881931,
                                    2.85183095477358,
                                    -0.688123279783342,
                                    0.6001952398049495,
                                    0.19802438185062496,
                                    1.1648557614175792,
                                    -0.6364851306723353,
                                    -0.19978468132208832,
                                    -0.15255311900972837,
                                    -0.16266394352994273,
                                    0.019771540602262622
                                ],
                                [
                                    -4.437467407607853,
                                    -23.176756202293102,
                                    14.061737169074783,
                                    29.481478651206235,
                                    -7.123651128825743,
                                    -4.558892545842374,
                                    7.20224450982009,
                                    4.381365860560698,
                                    -8.433975896899632,
                                    17.903999108870764,
                                    4.160608004122407,
                                    1.9220652393963409,
                                    -3.569308945831146,
                                    2.85183095477358,
                                    31.840555310596958,
                                    0.3307571894579086,
                                    0.9636984573244507,
                                    1.568443253520222,
                                    1.2468122853748584,
                                    1.3659755010764012,
                                    -0.9407362479082042,
                                    -0.09053001672116935,
                                    -0.17306842623526986,
                                    0.2935481204252854
                                ],
                                [
                                    0.7273182389345484,
                                    -2.5781269196490233,
                                    -4.1856676408202285,
                                    -0.40368257100832383,
                                    4.309928003638865,
                                    -3.7047815365733787,
                                    -1.9434497994674542,
                                    8.758559218522684,
                                    0.6336517912138946,
                                    -11.528066500140808,
                                    1.4162739204612467,
                                    2.1410363762042435,
                                    -0.08018418792392606,
                                    -0.688123279783342,
                                    0.3307571894579086,
                                    27.71723635126311,
                                    2.4859967381267225,
                                    0.31310945066698775,
                                    -0.11525987899026854,
                                    -1.0878202203740497,
                                    -0.04806644018007174,
                                    -0.5196857047039154,
                                    -0.04700223247573844,
                                    -0.049337181347177586
                                ],
                                [
                                    1.0461071811086633,
                                    0.6835874622203896,
                                    -5.739790605210084,
                                    -6.058713646164896,
                                    11.050350655854755,
                                    3.525977306926372,
                                    2.945489675400749,
                                    -7.792996988179302,
                                    7.104321225547838,
                                    6.081291452676094,
                                    -8.450628180247753,
                                    4.931165816839073,
                                    2.7246888354596646,
                                    0.6001952398049495,
                                    0.9636984573244507,
                                    2.4859967381267225,
                                    22.991089044754595,
                                    3.4135262421677233,
                                    -2.023724513579434,
                                    -0.6314553771355889,
                                    -0.5156810226057295,
                                    -0.969915374618233,
                                    -0.14264181139788587,
                                    0.06803347622038103
                                ],
                                [
                                    -1.3069989585805157,
                                    -5.614147830466647,
                                    0.2659804366251965,
                                    2.2975936213233825,
                                    0.15041118163851677,
                                    -1.7497804313310688,
                                    2.538452036155839,
                                    0.8380766137485969,
                                    -0.3776406025895601,
                                    5.606399778954224,
                                    0.38102146300694634,
                                    0.8910868309652789,
                                    0.8929601284851278,
                                    0.19802438185062496,
                                    1.568443253520222,
                                    0.31310945066698775,
                                    3.4135262421677233,
                                    12.231583185267185,
                                    1.3253122539876365,
                                    0.23802722978740398,
                                    -0.22403070295617786,
                                    -0.20394707357306668,
                                    -0.0416158444042683,
                                    0.01989174514857554
                                ],
                                [
                                    -2.2191335423218552,
                                    -9.321358360682192,
                                    7.701253024700333,
                                    13.950678820033769,
                                    -12.662860012635482,
                                    -3.7626917095988692,
                                    2.1459612630109315,
                                    8.94091903554374,
                                    -2.2145200742067432,
                                    -2.07027066031891,
                                    7.7781980861347835,
                                    -0.8995584102761226,
                                    -3.573780041583494,
                                    1.1648557614175792,
                                    1.2468122853748584,
                                    -0.11525987899026854,
                                    -2.023724513579434,
                                    1.3253122539876365,
                                    9.60884180007173,
                                    1.7732018357287362,
                                    0.03610061882531874,
                                    0.3875746176561878,
                                    -0.16958124097472593,
                                    0.022850286156711395
                                ],
                                [
                                    -2.0274588672622746,
                                    -7.498503899221716,
                                    5.7168500218487,
                                    11.38092858799138,
                                    -4.741949441517603,
                                    0.22655766020543325,
                                    1.6211119110969523,
                                    4.587781204588757,
                                    -2.5865466197489826,
                                    2.3710712486257246,
                                    1.8680556031966613,
                                    -0.49573734406907766,
                                    -1.9433887505785692,
                                    -0.6364851306723353,
                                    1.3659755010764012,
                                    -1.0878202203740497,
                                    -0.6314553771355889,
                                    0.23802722978740398,
                                    1.7732018357287362,
                                    4.697537250682001,
                                    0.4697641637671848,
                                    0.1828450464039014,
                                    -0.11760157927100004,
                                    0.034753267038588394
                                ],
                                [
                                    0.33560373455661247,
                                    2.680063243914371,
                                    -1.4513474053829611,
                                    -4.48679216172371,
                                    2.803155328872368,
                                    -0.6051199215825719,
                                    -0.05079679198627501,
                                    -2.117453733610287,
                                    0.4912660585177571,
                                    -0.29742787261974024,
                                    -0.8050255244595758,
                                    -0.8740896964011434,
                                    1.8690475828215394,
                                    -0.19978468132208832,
                                    -0.9407362479082042,
                                    -0.04806644018007174,
                                    -0.5156810226057295,
                                    -0.22403070295617786,
                                    0.03610061882531874,
                                    0.4697641637671848,
                                    2.496589542365806,
                                    0.30559165824428913,
                                    0.003992533270088563,
                                    -0.00997415489222946
                                ],
                                [
                                    -0.22082087158243194,
                                    -0.5702381155734523,
                                    1.0160621675652373,
                                    1.5588581136366448,
                                    -1.6643743712387218,
                                    -0.15784018587653423,
                                    -0.23604373669913184,
                                    0.7980739496728848,
                                    -0.6449343674553824,
                                    -0.3750628219164526,
                                    1.5640061854060583,
                                    -0.8504634741181962,
                                    -0.45571927470534507,
                                    -0.15255311900972837,
                                    -0.09053001672116935,
                                    -0.5196857047039154,
                                    -0.969915374618233,
                                    -0.20394707357306668,
                                    0.3875746176561878,
                                    0.1828450464039014,
                                    0.30559165824428913,
                                    0.7649414874202878,
                                    0.05351068945130916,
                                    -0.01654844358478033
                                ],
                                [
                                    0.20201410220156868,
                                    0.6190468071466543,
                                    -0.5335588869744337,
                                    -0.910341194555198,
                                    0.629089326326289,
                                    -0.12020155490624367,
                                    -0.07883294159972642,
                                    -0.34408011871877064,
                                    0.10215528385309533,
                                    0.0190864960216958,
                                    -0.1614616724849394,
                                    0.032379647969152416,
                                    0.1424200144904324,
                                    -0.16266394352994273,
                                    -0.17306842623526986,
                                    -0.04700223247573844,
                                    -0.14264181139788587,
                                    -0.0416158444042683,
                                    -0.16958124097472593,
                                    -0.11760157927100004,
                                    0.003992533270088563,
                                    0.05351068945130916,
                                    0.11161354765043971,
                                    -0.02383720487704727
                                ],
                                [
                                    -0.0702016284991323,
                                    -0.21546446234514047,
                                    0.31624968608590187,
                                    0.4071559036228501,
                                    -0.15879433408842136,
                                    -0.029766706992557727,
                                    0.0593372571611562,
                                    -0.031228085010753588,
                                    -0.1987953352962709,
                                    0.3384810225640491,
                                    0.0509001883937172,
                                    0.1018882662741381,
                                    -0.05609347009985652,
                                    0.019771540602262622,
                                    0.2935481204252854,
                                    -0.049337181347177586,
                                    0.06803347622038103,
                                    0.01989174514857554,
                                    0.022850286156711395,
                                    0.034753267038588394,
                                    -0.00997415489222946,
                                    -0.01654844358478033,
                                    -0.02383720487704727,
                                    0.04552670931593994
                                ]
                            ]
                        ],
                        "frozen" : false
                    },
                    {
                        "class" : "Distribution",
                        "name" : "MultivariateGaussianDistribution",
                        "parameters" : [
                            [
                                15.489830402212895,
                                -14.934159970685105,
                                -13.516203611649797,
                                -11.958891230542555,
                                -5.187858765250933,
                                3.0048363582893187,
                                -9.234593722548583,
                                0.6323442934775458,
                                -4.125456710747208,
                                -5.6358653108243,
                                -3.882364119520721,
                                -0.24407801551463995,
                                -1.2281400241209146,
                                -0.008269608090861658,
                                -2.4105339981943894,
                                1.108393655734921,
                                -0.35597302798926156,
                                -0.7754341158592924,
                                -1.360976553551731,
                                0.13405890487206076,
                                -0.30185686481629515,
                                -0.019963217813444706,
                                0.0109860041317549,
                                -0.017942676582448795
                            ],
                            [
                                [
                                    11.729903350694158,
                                    21.907379148887372,
                                    -23.405679290712666,
                                    -32.30449438367157,
                                    10.000989763842208,
                                    5.485868247524366,
                                    -3.5847620091744106,
                                    -11.389520853566873,
                                    7.038157015414071,
                                    -4.984690537612634,
                                    -8.679806247969857,
                                    3.1537252907062006,
                                    2.625584221335044,
                                    2.1226306780614643,
                                    -4.437467407607853,
                                    0.7273182389345484,
                                    1.0461071811086633,
                                    -1.3069989585805157,
                                    -2.2191335423218552,
                                    -2.0274588672622746,
                                    0.33560373455661247,
                                    -0.22082087158243194,
                                    0.20201410220156868,
                                    -0.0702016284991323
                                ],
                                [
                                    21.907379148887372,
                                    187.0458166794929,
                                    -65.11266044821633,
                                    -170.61125815526123,
                                    84.51642274510509,
                                    6.397851065149371,
                                    -0.6204025871768298,
                                    -86.84991619692086,
                                    57.997486021028315,
                                    -59.86818893383441,
                                    -31.661086525784295,
                                    -0.10070768490787367,
                                    17.658927387337187,
