{
    "class" : "HiddenMarkovModel",
    "name" : "None",
    "start" : {
        "class" : "State",
        "distribution" : null,
        "name" : "None-start",
        "weight" : 1.0
    },
    "end" : {
        "class" : "State",
        "distribution" : null,
        "name" : "None-end",
        "weight" : 1.0
    },
    "states" : [
        {
            "class" : "State",
            "distribution" : {
                "class" : "GeneralMixtureModel",
                "distributions" : [
                    {
                        "class" : "Distribution",
                        "name" : "MultivariateGaussianDistribution",
                        "parameters" : [
                            [
                                14.483027649528525,
                                4.4808857514218134,
                                0.45428859193546917,
                                -23.30136811095365,
                                -19.487876214467633,
                                -2.249558571560244,
                                -11.334735222564309,
                                -6.147329436472662,
                                -3.7946860755431415,
                                -5.641125905818416,
                                -1.492302222829111,
                                -7.2841408702848,
                                -5.68419651664466,
                                -1.809303190846226,
                                -4.447892655652641,
                                -0.3673635173960351,
                                -1.341701666465376,
                                0.09443137845852118,
                                -0.7244399467433259,
                                -0.41414537358576076,
                                -0.771556989859043,
                                -0.3478591252810182,
                                0.06113408358934824,
                                0.05483561985259417
                            ],
                            [
                                [
                                    10.181790493864618,
                                    28.26325700645981,
                                    6.736759803970738,
                                    -19.272097937146274,
                                    -21.966070648247815,
                                    -6.284470223663187,
                                    -8.228418191613354,
                                    -1.2131428915566185,
                                    3.460581873629813,
                                    5.691895287624741,
                                    -3.2605826582810065,
                                    -4.23291791580954,
                                    -0.8813681179639007,
                                    -4.850318527400464,
                                    -0.6953355642004473,
                                    -2.6439610423851225,
                                    1.256697661778067,
                                    3.04443981311059,
                                    1.6989235823479165,
                                    0.33014112695862086,
                                    -0.57858488079613,
                                    -0.059978928383863206,
                                    0.19466303176452038,
                                    0.08099673553435674
                                ],
                                [
                                    28.26325700645981,
                                    236.2963719715043,
                                    40.74689032789352,
                                    -116.29192509229958,
                                    -101.79862702928783,
                                    9.569494597544363,
                                    -51.8894440043264,
                                    -30.597531185585655,
                                    21.278830483383445,
                                    -23.812201503985122,
                                    15.081183440855918,
                                    -34.94719278994131,
                                    0.5581260311286205,
                                    -26.412421753355964,
                                    -14.430965941216044,
                                    1.3239130376742791,
                                    -15.08101361300366,
                                    13.5507176347145,
                                    -2.686639638774544,
                                    -7.6808093225412515,
                                    -5.6453720052671805,
                                    -3.5824822242460264,
                                    0.0854848404902742,
                                    0.2321119902892152
                                ],
                                [
                                    6.736759803970738,
                                    40.74689032789352,
                                    108.69311111447783,
                                    7.5901661024903255,
                                    -41.86780959162612,
                                    -52.44972723243165,
                                    6.402442417377572,
                                    13.070356880040002,
                                    -5.332330076486236,
                                    -8.856685918222928,
                                    11.328212940295083,
                                    0.9178922845723843,
                                    4.261276876562316,
                                    -35.82939802782574,
                                    -10.026560124029569,
                                    -9.045192889194404,
                                    8.16678881204896,
                                    0.4286252666470408,
                                    0.6301584988548493,
                                    -4.304028636932282,
                                    -3.3960765285261836,
                                    -1.741329587749124,
                                    -0.7445268061315488,
                                    0.14342877208015634
                                ],
                                [
                                    -19.272097937146274,
                                    -116.29192509229958,
                                    7.5901661024903255,
                                    202.8641125016919,
                                    1.832875787929684,
                                    11.058506023461312,
                                    4.239516301727198,
                                    29.32270075965942,
                                    17.797317416134767,
                                    -28.79747552813904,
                                    34.61588291980448,
                                    11.718854478456219,
                                    22.38330040163849,
                                    1.10251274041521,
                                    8.853087197159011,
                                    -12.009988653422965,
                                    23.46879952475687,
                                    -10.053773363274258,
                                    4.849973994530125,
                                    1.2881139564900541,
                                    0.7986039537332084,
                                    0.3181973554848051,
                                    -1.5337872656416904,
                                    0.0600139989325255
                                ],
                                [
                                    -21.966070648247815,
                                    -101.79862702928783,
                                    -41.86780959162612,
                                    1.832875787929684,
                                    205.47356534345357,
                                    -22.94495903397584,
                                    53.354803984107285,
                                    -13.421209896522784,
                                    -24.707084288580482,
                                    44.82072673439688,
                                    -55.52837028761547,
                                    32.72656854635206,
                                    -21.437432006877753,
                                    44.629671840907854,
                                    7.237800809357113,
                                    17.00401690195725,
                                    -13.812965983423886,
                                    2.9880707461772165,
                                    -0.6748487700102351,
                                    6.077253739883687,
                                    6.388709531187792,
                                    3.00179818338681,
                                    0.6651503139520228,
                                    -0.5089941254062162
                                ],
                                [
                                    -6.284470223663187,
                                    9.569494597544363,
                                    -52.44972723243165,
                                    11.058506023461312,
                                    -22.94495903397584,
                                    221.38973715840675,
                                    -61.139511553537304,
                                    8.701518517268491,
                                    25.565645012341598,
                                    -20.506690455210723,
                                    58.29866806577022,
                                    -40.72282978074686,
                                    7.8953321081248475,
                                    34.398877383990666,
                                    7.153670952320073,
                                    23.503432097485614,
                                    -24.012115619365428,
                                    -10.842883460245197,
                                    -17.54244986339619,
                                    -4.7497846373123975,
                                    -4.611288322504706,
                                    -1.6290379335323517,
                                    0.3746709665421002,
                                    -0.037646640567154874
                                ],
                                [
                                    -8.228418191613354,
                                    -51.8894440043264,
                                    6.402442417377572,
                                    4.239516301727198,
                                    53.354803984107285,
                                    -61.139511553537304,
                                    119.47545547526799,
                                    15.138038509605432,
                                    -29.0300330072496,
                                    13.882795211897776,
                                    -27.686163362336416,
                                    56.58607614873588,
                                    -5.02227327397224,
                                    3.2360856815478694,
                                    4.830413041982542,
                                    -1.9338034231082573,
                                    16.19689077917832,
                                    -1.6987033051867853,
                                    8.493229958650595,
                                    3.6605234827081166,
                                    3.7281899661357367,
                                    2.5014353515945733,
                                    0.49042162580454257,
                                    -0.3741230179841369
                                ],
                                [
                                    -1.2131428915566185,
                                    -30.597531185585655,
                                    13.070356880040002,
                                    29.32270075965942,
                                    -13.421209896522784,
                                    8.701518517268491,
                                    15.138038509605432,
                                    96.2542116152816,
                                    8.283496374903057,
                                    -3.29825879937937,
                                    3.6955343831192073,
                                    7.581219613806286,
                                    22.780329109724757,
                                    -7.027768651676939,
                                    4.3780344180898485,
                                    -3.7596904540641725,
                                    12.461962988455978,
                                    -1.287146570259211,
                                    1.5532062433942404,
                                    0.987905268922437,
                                    -2.6074066156940057,
                                    0.007766847416710807,
                                    -0.9883031109075425,
                                    0.08386604384026036
                                ],
                                [
                                    3.460581873629813,
                                    21.278830483383445,
                                    -5.332330076486236,
                                    17.797317416134767,
                                    -24.707084288580482,
                                    25.565645012341598,
                                    -29.0300330072496,
                                    8.283496374903057,
                                    104.92624476452578,
                                    -18.684340436280273,
                                    40.58878448627169,
                                    -27.56169751640854,
                                    5.080537460187559,
                                    9.30049014824299,
                                    1.3068801183705059,
                                    8.540659098980916,
                                    1.6825729384216839,
                                    4.729569411119873,
                                    -0.26395249155425576,
                                    -7.203681189143957,
                                    -3.007664562641248,
                                    -3.144783188390992,
                                    -1.1320719393333267,
                                    0.3192218239926012
                                ],
                                [
                                    5.691895287624741,
                                    -23.812201503985122,
                                    -8.856685918222928,
                                    -28.79747552813904,
                                    44.82072673439688,
                                    -20.506690455210723,
                                    13.882795211897776,
                                    -3.29825879937937,
                                    -18.684340436280273,
                                    106.63605400098994,
                                    -22.63507039520266,
                                    -1.6555477501559515,
                                    -14.058683189644082,
                                    0.22298242956180805,
                                    9.30654867894024,
                                    1.7185819316855642,
                                    2.3650625904863904,
                                    5.7911110692283785,
                                    7.133406738633266,
                                    9.385071191577229,
                                    3.4018442139869136,
                                    2.208604560096671,
                                    0.35825785499087487,
                                    0.020156039841791068
                                ],
                                [
                                    -3.2605826582810065,
                                    15.081183440855918,
                                    11.328212940295083,
                                    34.61588291980448,
                                    -55.52837028761547,
                                    58.29866806577022,
                                    -27.686163362336416,
                                    3.6955343831192073,
                                    40.58878448627169,
                                    -22.63507039520266,
                                    121.03281712763454,
                                    -19.839411817752357,
                                    11.262151531000594,
                                    -16.887935164049367,
                                    -3.248894439789655,
                                    6.811903147991794,
                                    -1.5395916258234932,
                                    -3.325744422237483,
                                    -4.134018842142202,
                                    -7.9122512356233585,
                                    -4.8330873933104455,
                                    -3.395580562899307,
                                    -1.1511029504626886,
                                    0.018308365695195956
                                ],
                                [
                                    -4.23291791580954,
                                    -34.94719278994131,
                                    0.9178922845723843,
                                    11.718854478456219,
                                    32.72656854635206,
                                    -40.72282978074686,
                                    56.58607614873588,
                                    7.581219613806286,
                                    -27.56169751640854,
                                    -1.6555477501559515,
                                    -19.839411817752357,
                                    101.11042228781402,
                                    -2.026976240280169,
                                    4.69576888762627,
                                    -4.817585753639662,
                                    -2.9773939612535885,
                                    14.039099805952759,
                                    -4.621143713053269,
                                    4.824466413329253,
                                    3.5087018754661607,
                                    4.477262154622101,
                                    2.670731832448757,
                                    1.0951975836047334,
                                    -0.16017554807420145
                                ],
                                [
                                    -0.8813681179639007,
                                    0.5581260311286205,
                                    4.261276876562316,
                                    22.38330040163849,
                                    -21.437432006877753,
                                    7.8953321081248475,
                                    -5.02227327397224,
                                    22.780329109724757,
                                    5.080537460187559,
                                    -14.058683189644082,
                                    11.262151531000594,
                                    -2.026976240280169,
                                    66.53731738682556,
                                    -5.091015217320803,
                                    9.453933829141574,
                                    -13.381446735884671,
                                    11.56151986864059,
                                    2.5975551246681317,
                                    2.062228548760084,
                                    0.22847812604307524,
                                    -3.02617441314311,
                                    -0.7015843529142475,
                                    -0.9743954981833814,
                                    0.2893128311565118
                                ],
                                [
                                    -4.850318527400464,
                                    -26.412421753355964,
                                    -35.82939802782574,
                                    1.10251274041521,
                                    44.629671840907854,
                                    34.398877383990666,
                                    3.2360856815478694,
                                    -7.027768651676939,
                                    9.30049014824299,
                                    0.22298242956180805,
                                    -16.887935164049367,
                                    4.69576888762627,
                                    -5.091015217320803,
                                    74.96175893900383,
                                    7.216024948875693,
                                    16.720057488648692,
                                    -14.579459580186633,
                                    -0.8695356975125743,
                                    -2.742023991209588,
                                    -0.9966273920056334,
                                    1.4753938649387612,
                                    -0.4293049234611187,
                                    0.6597315034377799,
                                    0.23896699088488943
                                ],
                                [
                                    -0.6953355642004473,
                                    -14.430965941216044,
                                    -10.026560124029569,
                                    8.853087197159011,
                                    7.237800809357113,
                                    7.153670952320073,
                                    4.830413041982542,
                                    4.3780344180898485,
                                    1.3068801183705059,
                                    9.30654867894024,
                                    -3.248894439789655,
                                    -4.817585753639662,
                                    9.453933829141574,
                                    7.216024948875693,
                                    50.29955162933242,
                                    0.41644135353978345,
                                    6.936834510160054,
                                    -0.31497985376673066,
                                    0.21920378938933646,
                                    1.4167488263931869,
                                    -1.0570257022377003,
                                    0.3126472926015043,
                                    -0.16712797592717551,
                                    0.08500936487670503
                                ],
                                [
                                    -2.6439610423851225,
                                    1.3239130376742791,
                                    -9.045192889194404,
                                    -12.009988653422965,
                                    17.00401690195725,
                                    23.503432097485614,
                                    -1.9338034231082573,
                                    -3.7596904540641725,
                                    8.540659098980916,
                                    1.7185819316855642,
                                    6.811903147991794,
                                    -2.9773939612535885,
                                    -13.381446735884671,
                                    16.720057488648692,
                                    0.41644135353978345,
                                    37.926740029703,
                                    -6.930151642576957,
                                    1.6929696127429579,
                                    -6.348998822330048,
                                    -3.0031623244902694,
                                    0.1299159535190195,
                                    -1.1814435166382191,
                                    0.13697509751301512,
                                    0.025328801553925667
                                ],
                                [
                                    1.256697661778067,
                                    -15.08101361300366,
                                    8.16678881204896,
                                    23.46879952475687,
                                    -13.812965983423886,
                                    -24.012115619365428,
                                    16.19689077917832,
                                    12.461962988455978,
                                    1.6825729384216839,
                                    2.3650625904863904,
                                    -1.5395916258234932,
                                    14.039099805952759,
                                    11.56151986864059,
                                    -14.579459580186633,
                                    6.936834510160054,
                                    -6.930151642576957,
                                    37.84658078314123,
                                    5.649110175180032,
                                    10.03150848484217,
                                    1.4045892836344194,
                                    -1.0138176509124084,
                                    0.22277592485031342,
                                    -0.6290632015068216,
                                    -0.017730341792753443
                                ],
                                [
                                    3.04443981311059,
                                    13.5507176347145,
                                    0.4286252666470408,
                                    -10.053773363274258,
                                    2.9880707461772165,
                                    -10.842883460245197,
                                    -1.6987033051867853,
                                    -1.287146570259211,
                                    4.729569411119873,
                                    5.7911110692283785,
                                    -3.325744422237483,
                                    -4.621143713053269,
                                    2.5975551246681317,
                                    -0.8695356975125743,
                                    -0.31497985376673066,
                                    1.6929696127429579,
                                    5.649110175180032,
                                    19.759716746205342,
                                    4.8537762313824455,
                                    1.311204185561859,
                                    -0.783464046040809,
                                    -0.8250572177264137,
                                    -0.26039486233865616,
                                    0.09352697928420432
                                ],
                                [
                                    1.6989235823479165,
                                    -2.686639638774544,
                                    0.6301584988548493,
                                    4.849973994530125,
                                    -0.6748487700102351,
                                    -17.54244986339619,
                                    8.493229958650595,
                                    1.5532062433942404,
                                    -0.26395249155425576,
                                    7.133406738633266,
                                    -4.134018842142202,
                                    4.824466413329253,
                                    2.062228548760084,
                                    -2.742023991209588,
                                    0.21920378938933646,
                                    -6.348998822330048,
                                    10.03150848484217,
                                    4.8537762313824455,
                                    16.120812381866667,
                                    4.95358660695296,
                                    2.3764298643286037,
                                    0.2967560390213237,
                                    -0.12194217678038842,
                                    0.10530484516041352
                                ],
                                [
                                    0.33014112695862086,
                                    -7.6808093225412515,
                                    -4.304028636932282,
                                    1.2881139564900541,
                                    6.077253739883687,
                                    -4.7497846373123975,
                                    3.6605234827081166,
                                    0.987905268922437,
                                    -7.203681189143957,
                                    9.385071191577229,
                                    -7.9122512356233585,
                                    3.5087018754661607,
                                    0.22847812604307524,
                                    -0.9966273920056334,
                                    1.4167488263931869,
                                    -3.0031623244902694,
                                    1.4045892836344194,
                                    1.311204185561859,
                                    4.95358660695296,
                                    9.054718687611798,
                                    3.4488350500072698,
                                    1.4140475344937515,
                                    0.12208786293319875,
                                    0.0438377577140892
                                ],
                                [
                                    -0.57858488079613,
                                    -5.6453720052671805,
                                    -3.3960765285261836,
                                    0.7986039537332084,
                                    6.388709531187792,
                                    -4.611288322504706,
                                    3.7281899661357367,
                                    -2.6074066156940057,
                                    -3.007664562641248,
                                    3.4018442139869136,
                                    -4.8330873933104455,
                                    4.477262154622101,
                                    -3.02617441314311,
                                    1.4753938649387612,
                                    -1.0570257022377003,
                                    0.1299159535190195,
                                    -1.0138176509124084,
                                    -0.783464046040809,
                                    2.3764298643286037,
                                    3.4488350500072698,
                                    4.664046737496843,
                                    1.292914813520531,
                                    0.2570030627645544,
                                    0.0346921085829304
                                ],
                                [
                                    -0.059978928383863206,
                                    -3.5824822242460264,
                                    -1.741329587749124,
                                    0.3181973554848051,
                                    3.00179818338681,
                                    -1.6290379335323517,
                                    2.5014353515945733,
                                    0.007766847416710807,
                                    -3.144783188390992,
                                    2.208604560096671,
                                    -3.395580562899307,
                                    2.670731832448757,
                                    -0.7015843529142475,
                                    -0.4293049234611187,
                                    0.3126472926015043,
                                    -1.1814435166382191,
                                    0.22277592485031342,
                                    -0.8250572177264137,
                                    0.2967560390213237,
                                    1.4140475344937515,
                                    1.292914813520531,
                                    1.5566750374833747,
                                    0.25734985126328325,
                                    -0.05054332973307475
                                ],
                                [
                                    0.19466303176452038,
                                    0.0854848404902742,
                                    -0.7445268061315488,
                                    -1.5337872656416904,
                                    0.6651503139520228,
                                    0.3746709665421002,
                                    0.49042162580454257,
                                    -0.9883031109075425,
                                    -1.1320719393333267,
                                    0.35825785499087487,
                                    -1.1511029504626886,
                                    1.0951975836047334,
                                    -0.9743954981833814,
                                    0.6597315034377799,
                                    -0.16712797592717551,
                                    0.13697509751301512,
                                    -0.6290632015068216,
                                    -0.26039486233865616,
                                    -0.12194217678038842,
                                    0.12208786293319875,
                                    0.2570030627645544,
                                    0.25734985126328325,
                                    0.24140253833714348,
                                    -0.04069892652511358
                                ],
                                [
                                    0.08099673553435674,
                                    0.2321119902892152,
                                    0.14342877208015634,
                                    0.0600139989325255,
                                    -0.5089941254062162,
                                    -0.037646640567154874,
                                    -0.3741230179841369,
                                    0.08386604384026036,
                                    0.3192218239926012,
                                    0.020156039841791068,
                                    0.018308365695195956,
                                    -0.16017554807420145,
                                    0.2893128311565118,
                                    0.23896699088488943,
                                    0.08500936487670503,
                                    0.025328801553925667,
                                    -0.017730341792753443,
                                    0.09352697928420432,
                                    0.10530484516041352,
                                    0.0438377577140892,
                                    0.0346921085829304,
                                    -0.05054332973307475,
                                    -0.04069892652511358,
                                    0.05858949440906582
                                ]
                            ]
                        ],
                        "frozen" : false
                    },
                    {
                        "class" : "Distribution",
                        "name" : "MultivariateGaussianDistribution",
                        "parameters" : [
                            [
                                14.483027649528525,
                                4.4808857514218134,
                                0.45428859193546917,
                                -23.30136811095365,
                                -19.487876214467633,
                                -2.249558571560244,
                                -11.334735222564309,
                                -6.147329436472662,
                                -3.7946860755431415,
                                -5.641125905818416,
                                -1.492302222829111,
                                -7.2841408702848,
                                -5.68419651664466,
                                -1.809303190846226,
                                -4.447892655652641,
                                -0.3673635173960351,
                                -1.341701666465376,
                                0.09443137845852118,
                                -0.7244399467433259,
                                -0.41414537358576076,
                                -0.771556989859043,
                                -0.3478591252810182,
                                0.06113408358934824,
                                0.05483561985259417
                            ],
                            [
                                [
                                    10.181790493864618,
                                    28.26325700645981,
                                    6.736759803970738,
                                    -19.272097937146274,
                                    -21.966070648247815,
                                    -6.284470223663187,
                                    -8.228418191613354,
                                    -1.2131428915566185,
                                    3.460581873629813,
                                    5.691895287624741,
                                    -3.2605826582810065,
                                    -4.23291791580954,
                                    -0.8813681179639007,
                                    -4.850318527400464,
                                    -0.6953355642004473,
                                    -2.6439610423851225,
                                    1.256697661778067,
                                    3.04443981311059,
                                    1.6989235823479165,
                                    0.33014112695862086,
                                    -0.57858488079613,
                                    -0.059978928383863206,
                                    0.19466303176452038,
                                    0.08099673553435674
                                ],
                                [
                                    28.26325700645981,
                                    236.2963719715043,
                                    40.74689032789352,
                                    -116.29192509229958,
                                    -101.79862702928783,
                                    9.569494597544363,
                                    -51.8894440043264,
                                    -30.597531185585655,
                                    21.278830483383445,
                                    -23.812201503985122,
                                    15.081183440855918,
                                    -34.94719278994131,
                                    0.5581260311286205,
                                    -26.412421753355964,
                                    -14.430965941216044,
                                    1.3239130376742791,
