{
    "class" : "HiddenMarkovModel",
    "name" : "None",
    "start" : {
        "class" : "State",
        "distribution" : null,
        "name" : "None-start",
        "weight" : 1.0
    },
    "end" : {
        "class" : "State",
        "distribution" : null,
        "name" : "None-end",
        "weight" : 1.0
    },
    "states" : [
        {
            "class" : "State",
            "distribution" : {
                "class" : "GeneralMixtureModel",
                "distributions" : [
                    {
                        "class" : "Distribution",
                        "name" : "MultivariateGaussianDistribution",
                        "parameters" : [
                            [
                                15.068969015501047,
                                -10.12711902761176,
                                13.706006609471874,
                                -5.876887285651814,
                                -17.77821068681053,
                                -14.844622566170655,
                                -8.520819002507757,
                                -5.544374690222123,
                                -3.931169328190231,
                                1.26985486561143,
                                1.5892344436346464,
                                -9.795986259675354,
                                -1.9859131624630555,
                                -4.893835149036133,
                                -5.8523845359632585,
                                -0.7575155388468574,
                                -3.5966056041708256,
                                -1.4815428200058,
                                -1.9308297960002758,
                                -0.7880564657355018,
                                -0.5762479875223202,
                                -0.2692246465311114,
                                -0.04012375768992021,
                                0.07198326069020057
                            ],
                            [
                                [
                                    6.513267924062733,
                                    3.064910203669561,
                                    5.990597983848896,
                                    -5.410683498076219,
                                    -17.76953241994055,
                                    4.756826217027018,
                                    -3.0211688465835507,
                                    -2.9316668106514134,
                                    4.621155815430055,
                                    7.752548047076101,
                                    2.2793745208260563,
                                    8.178560550763049,
                                    4.947969104754607,
                                    -1.467838404137056,
                                    -3.0180826841969046,
                                    2.311173250875556,
                                    -1.4039415283475751,
                                    -0.044072896982823004,
                                    1.3982531169781567,
                                    -0.8196418641752317,
                                    0.8826551520511682,
                                    0.46105915106094036,
                                    -0.1845663799773142,
                                    0.12216485201137321
                                ],
                                [
                                    3.064910203669561,
                                    194.70715997583014,
                                    109.55191321357825,
                                    -39.614382672471045,
                                    -55.678603095820804,
                                    -142.14812962726393,
                                    0.6394231701950105,
                                    -84.45298344317665,
                                    25.25405829747319,
                                    -21.370774503230923,
                                    34.09828099856834,
                                    -57.9820680857566,
                                    -13.297858121886717,
                                    -24.825901153577245,
                                    -42.139086981642905,
                                    -1.5997635774681986,
                                    -20.83183703443663,
                                    -14.128104496478908,
                                    -8.963898654210485,
                                    -10.932032138543573,
                                    -2.0080846179155767,
                                    -3.5482371921929334,
                                    -0.9604754463051908,
                                    0.1270597284716819
                                ],
                                [
                                    5.990597983848896,
                                    109.55191321357825,
                                    137.71308038359948,
                                    -18.12513935207671,
                                    -9.84555474183003,
                                    -109.22693659990131,
                                    -0.2763391633251525,
                                    -70.00481087023638,
                                    18.759689629908127,
                                    -9.099380214059256,
                                    10.525625275884746,
                                    -49.20580459151403,
                                    -14.449826085512393,
                                    -27.1689778654777,
                                    -27.873305446666922,
                                    -5.885763071217202,
                                    -21.852214745800737,
                                    -13.246216135949082,
                                    -8.502025168251194,
                                    -10.514199552430227,
                                    -2.151424873885235,
                                    -2.964268716023021,
                                    -0.5404391246218074,
                                    0.28307776623708186
                                ],
                                [
                                    -5.410683498076219,
                                    -39.614382672471045,
                                    -18.12513935207671,
                                    56.48753952776486,
                                    44.709745623824205,
                                    19.15864296494205,
                                    6.518520452515384,
                                    18.356084886157586,
                                    -16.505121923984902,
                                    5.37980968185413,
                                    -21.08525023550181,
                                    1.2677779779960252,
                                    -8.110193717393715,
                                    -2.292621273352845,
                                    19.018993578679346,
                                    -5.71642168807374,
                                    9.470614821239982,
                                    5.468228265424564,
                                    -0.9423683035095249,
                                    3.296800039167767,
                                    -1.5262444358530725,
                                    1.0305458690989944,
                                    0.4438144358365812,
                                    -0.19121277893183888
                                ],
                                [
                                    -17.76953241994055,
                                    -55.678603095820804,
                                    -9.84555474183003,
                                    44.709745623824205,
                                    182.52743305991962,
                                    -11.867902095569876,
                                    27.035691770535795,
                                    18.588003107217986,
                                    -17.188154353135197,
                                    -41.359988054818096,
                                    -36.23957853726058,
                                    -17.832104714632013,
                                    -36.666661110741316,
                                    13.242695001987977,
                                    28.351984050670072,
                                    -17.005858724157896,
                                    17.49210117111978,
                                    -5.877271526234556,
                                    -4.75755612774073,
                                    3.0430060544057813,
                                    -3.2138012375028184,
                                    -0.7247928280510342,
                                    0.7766964806759323,
                                    -0.5140610320784805
                                ],
                                [
                                    4.756826217027018,
                                    -142.14812962726393,
                                    -109.22693659990131,
                                    19.15864296494205,
                                    -11.867902095569876,
                                    242.16324219696537,
                                    -13.278048963040545,
                                    107.8086007559944,
                                    3.9907609126449564,
                                    10.631639272105097,
                                    17.461131368403926,
                                    80.1460726113888,
                                    34.15610660923457,
                                    39.33787883753799,
                                    30.283486791112065,
                                    11.646921216013395,
                                    19.463619748233615,
                                    10.739275650199149,
                                    15.927652608109495,
                                    9.41828028252523,
                                    5.691870317386456,
                                    2.895017290241545,
                                    0.28662956768648057,
                                    0.07108832195186059
                                ],
                                [
                                    -3.0211688465835507,
                                    0.6394231701950105,
                                    -0.2763391633251525,
                                    6.518520452515384,
                                    27.035691770535795,
                                    -13.278048963040545,
                                    66.70513065204287,
                                    -7.008875473313888,
                                    4.1225470972165805,
                                    -2.1951728866115428,
                                    -14.000968428000524,
                                    -12.107661108596321,
                                    -0.1860207321620136,
                                    3.7846749778651083,
                                    -4.732033283611025,
                                    6.1359216470432685,
                                    2.965217034168213,
                                    2.0986665975932417,
                                    -0.9478397972814508,
                                    3.503165058342025,
                                    -0.44599743700418193,
                                    0.8299805179760418,
                                    0.33575039496736503,
                                    -0.128799789570974
                                ],
                                [
                                    -2.9316668106514134,
                                    -84.45298344317665,
                                    -70.00481087023638,
                                    18.356084886157586,
                                    18.588003107217986,
                                    107.8086007559944,
                                    -7.008875473313888,
                                    123.79183051069916,
                                    -10.549828807066204,
                                    9.339722003959967,
                                    7.6974795024164555,
                                    20.770967416322712,
                                    8.103930011697612,
                                    26.59918230064576,
                                    26.768433487358635,
                                    0.12313405016482312,
                                    17.203164256662372,
                                    2.9626893639645835,
                                    3.4444676662261227,
                                    7.1971911651154485,
                                    2.7110555201324233,
                                    0.746659352332672,
                                    0.670269664061936,
                                    -0.2847897579646149
                                ],
                                [
                                    4.621155815430055,
                                    25.25405829747319,
                                    18.759689629908127,
                                    -16.505121923984902,
                                    -17.188154353135197,
                                    3.9907609126449564,
                                    4.1225470972165805,
                                    -10.549828807066204,
                                    66.3969243339424,
                                    -1.2371480938008337,
                                    15.090558576756003,
                                    15.105889596434178,
                                    1.562416683085092,
                                    2.24043363227243,
                                    -10.609290100579996,
                                    0.8184121919149916,
                                    -6.696291554567317,
                                    -2.987602225928054,
                                    2.0953952413583403,
                                    -3.314262236135297,
                                    0.6131813982630858,
                                    -0.18878176914634553,
                                    -0.5882595287271325,
                                    0.11331675668556393
                                ],
                                [
                                    7.752548047076101,
                                    -21.370774503230923,
                                    -9.099380214059256,
                                    5.37980968185413,
                                    -41.359988054818096,
                                    10.631639272105097,
                                    -2.1951728866115428,
                                    9.339722003959967,
                                    -1.2371480938008337,
                                    91.87059953008854,
                                    -5.268371219414375,
                                    27.99138993588979,
                                    20.39635142566988,
                                    -25.393087263602087,
                                    4.084049649534636,
                                    -0.019658163148271166,
                                    -6.307980303812317,
                                    7.863474178256955,
                                    2.1727792602807257,
                                    2.0307265727761794,
                                    0.8298740157148508,
                                    1.8971977491454333,
                                    -0.477095901032846,
                                    0.3046500497268087
                                ],
                                [
                                    2.2793745208260563,
                                    34.09828099856834,
                                    10.525625275884746,
                                    -21.08525023550181,
                                    -36.23957853726058,
                                    17.461131368403926,
                                    -14.000968428000524,
                                    7.6974795024164555,
                                    15.090558576756003,
                                    -5.268371219414375,
                                    93.3649607972545,
                                    -5.603541605239268,
                                    9.920913914895008,
                                    16.504477823054206,
                                    -23.42821891104923,
                                    10.227794086272981,
                                    -0.4023456308826919,
                                    -5.303181060210222,
                                    2.3368879405017795,
                                    -2.511048302732727,
                                    1.2718120403452886,
                                    -2.536757087524319,
                                    -0.493269789923332,
                                    0.3318966682167838
                                ],
                                [
                                    8.178560550763049,
                                    -57.9820680857566,
                                    -49.20580459151403,
                                    1.2677779779960252,
                                    -17.832104714632013,
                                    80.1460726113888,
                                    -12.107661108596321,
                                    20.770967416322712,
                                    15.105889596434178,
                                    27.99138993588979,
                                    -5.603541605239268,
                                    117.24821581937158,
                                    10.483685818063709,
                                    11.814818775094407,
                                    16.828331364307896,
                                    -2.0838732557775463,
                                    10.64202444594712,
                                    6.057240238599292,
                                    10.56078170827514,
                                    1.7969458777315788,
                                    3.4385841073448162,
                                    3.190875622240761,
                                    -0.8722065931333537,
                                    0.26020901015954556
                                ],
                                [
                                    4.947969104754607,
                                    -13.297858121886717,
                                    -14.449826085512393,
                                    -8.110193717393715,
                                    -36.666661110741316,
                                    34.15610660923457,
                                    -0.1860207321620136,
                                    8.103930011697612,
                                    1.562416683085092,
                                    20.39635142566988,
                                    9.920913914895008,
                                    10.483685818063709,
                                    70.92668325797345,
                                    1.946683006653822,
                                    6.1859179526944414,
                                    14.68790238571364,
                                    -4.9708329044059285,
                                    8.367158539351612,
                                    4.04581200490054,
                                    1.5951788875949346,
                                    -0.6247081633567445,
                                    0.8650579146725481,
                                    -0.48020860183032493,
                                    0.4382583548138948
                                ],
                                [
                                    -1.467838404137056,
                                    -24.825901153577245,
                                    -27.1689778654777,
                                    -2.292621273352845,
                                    13.242695001987977,
                                    39.33787883753799,
                                    3.7846749778651083,
                                    26.59918230064576,
                                    2.24043363227243,
                                    -25.393087263602087,
                                    16.504477823054206,
                                    11.814818775094407,
                                    1.946683006653822,
                                    65.53984245380886,
                                    3.1829050195520217,
                                    10.249290303933032,
                                    12.693018157725831,
                                    -3.456036489644007,
                                    5.493371637533025,
                                    1.1353380871615975,
                                    0.6575107995606114,
                                    -0.45896570963922395,
                                    0.31074622710574173,
                                    -0.09591975149347723
                                ],
                                [
                                    -3.0180826841969046,
                                    -42.139086981642905,
                                    -27.873305446666922,
                                    19.018993578679346,
                                    28.351984050670072,
                                    30.283486791112065,
                                    -4.732033283611025,
                                    26.768433487358635,
                                    -10.609290100579996,
                                    4.084049649534636,
                                    -23.42821891104923,
                                    16.828331364307896,
                                    6.1859179526944414,
                                    3.1829050195520217,
                                    49.16016895114112,
                                    -3.7799892867964564,
                                    9.219903619222745,
                                    5.627032318076012,
                                    -0.39092670552476994,
                                    2.4038720060355336,
                                    -0.8344731305014206,
                                    0.9765075776201338,
                                    -0.014575442003974851,
                                    -0.05751651024847676
                                ],
                                [
                                    2.311173250875556,
                                    -1.5997635774681986,
                                    -5.885763071217202,
                                    -5.71642168807374,
                                    -17.005858724157896,
                                    11.646921216013395,
                                    6.1359216470432685,
                                    0.12313405016482312,
                                    0.8184121919149916,
                                    -0.019658163148271166,
                                    10.227794086272981,
                                    -2.0838732557775463,
                                    14.68790238571364,
                                    10.249290303933032,
                                    -3.7799892867964564,
                                    28.228987924314346,
                                    2.1484830471892797,
                                    1.8756400923182952,
                                    2.0111375939794365,
                                    1.1078877422339972,
                                    0.6021489665219212,
                                    0.23198161335487516,
                                    -0.02096613446105976,
                                    0.1324388099207414
                                ],
                                [
                                    -1.4039415283475751,
                                    -20.83183703443663,
                                    -21.852214745800737,
                                    9.470614821239982,
                                    17.49210117111978,
                                    19.463619748233615,
                                    2.965217034168213,
                                    17.203164256662372,
                                    -6.696291554567317,
                                    -6.307980303812317,
                                    -0.4023456308826919,
                                    10.64202444594712,
                                    -4.9708329044059285,
                                    12.693018157725831,
                                    9.219903619222745,
                                    2.1484830471892797,
                                    22.30511057475071,
                                    2.8351165445991384,
                                    2.2243123901635675,
                                    2.561194713560791,
                                    0.23629483334507126,
                                    0.2968577591949449,
                                    0.09684792732561459,
                                    -0.0974127631625532
                                ],
                                [
                                    -0.044072896982823004,
                                    -14.128104496478908,
                                    -13.246216135949082,
                                    5.468228265424564,
                                    -5.877271526234556,
                                    10.739275650199149,
                                    2.0986665975932417,
                                    2.9626893639645835,
                                    -2.987602225928054,
                                    7.863474178256955,
                                    -5.303181060210222,
                                    6.057240238599292,
                                    8.367158539351612,
                                    -3.456036489644007,
                                    5.627032318076012,
                                    1.8756400923182952,
                                    2.8351165445991384,
                                    17.72570052859943,
                                    1.329583829183654,
                                    2.3595251960252686,
                                    0.35365186002147686,
                                    0.4488480361270302,
                                    0.05050318360903036,
                                    -0.009065586183277801
                                ],
                                [
                                    1.3982531169781567,
                                    -8.963898654210485,
                                    -8.502025168251194,
                                    -0.9423683035095249,
                                    -4.75755612774073,
                                    15.927652608109495,
                                    -0.9478397972814508,
                                    3.4444676662261227,
                                    2.0953952413583403,
                                    2.1727792602807257,
                                    2.3368879405017795,
                                    10.56078170827514,
                                    4.04581200490054,
                                    5.493371637533025,
                                    -0.39092670552476994,
                                    2.0111375939794365,
                                    2.2243123901635675,
                                    1.329583829183654,
                                    9.157400631007079,
                                    1.3510123321018277,
                                    0.42802604404330646,
                                    0.476569753868298,
                                    -0.10649089632367106,
                                    0.042766166319988135
                                ],
                                [
                                    -0.8196418641752317,
                                    -10.932032138543573,
                                    -10.514199552430227,
                                    3.296800039167767,
                                    3.0430060544057813,
                                    9.41828028252523,
                                    3.503165058342025,
                                    7.1971911651154485,
                                    -3.314262236135297,
                                    2.0307265727761794,
                                    -2.511048302732727,
                                    1.7969458777315788,
                                    1.5951788875949346,
                                    1.1353380871615975,
                                    2.4038720060355336,
                                    1.1078877422339972,
                                    2.561194713560791,
                                    2.3595251960252686,
                                    1.3510123321018277,
                                    5.739744115212987,
                                    0.8906173886651149,
                                    0.34210047046948694,
                                    0.15422577803846463,
                                    -0.028120850410156734
                                ],
                                [
                                    0.8826551520511682,
                                    -2.0080846179155767,
                                    -2.151424873885235,
                                    -1.5262444358530725,
                                    -3.2138012375028184,
                                    5.691870317386456,
                                    -0.44599743700418193,
                                    2.7110555201324233,
                                    0.6131813982630858,
                                    0.8298740157148508,
                                    1.2718120403452886,
                                    3.4385841073448162,
                                    -0.6247081633567445,
                                    0.6575107995606114,
                                    -0.8344731305014206,
                                    0.6021489665219212,
                                    0.23629483334507126,
                                    0.35365186002147686,
                                    0.42802604404330646,
                                    0.8906173886651149,
                                    2.4035446022844185,
                                    0.33818763706317695,
                                    0.012944691267092872,
                                    0.0024278776884491334
                                ],
                                [
                                    0.46105915106094036,
                                    -3.5482371921929334,
                                    -2.964268716023021,
                                    1.0305458690989944,
                                    -0.7247928280510342,
                                    2.895017290241545,
                                    0.8299805179760418,
                                    0.746659352332672,
                                    -0.18878176914634553,
                                    1.8971977491454333,
                                    -2.536757087524319,
                                    3.190875622240761,
                                    0.8650579146725481,
                                    -0.45896570963922395,
                                    0.9765075776201338,
                                    0.23198161335487516,
                                    0.2968577591949449,
                                    0.4488480361270302,
                                    0.476569753868298,
                                    0.34210047046948694,
                                    0.33818763706317695,
                                    0.9185077094248175,
                                    0.045950079599205974,
                                    5.829560319735134e-05
                                ],
                                [
                                    -0.1845663799773142,
                                    -0.9604754463051908,
                                    -0.5404391246218074,
                                    0.4438144358365812,
                                    0.7766964806759323,
                                    0.28662956768648057,
                                    0.33575039496736503,
                                    0.670269664061936,
                                    -0.5882595287271325,
                                    -0.477095901032846,
                                    -0.493269789923332,
                                    -0.8722065931333537,
                                    -0.48020860183032493,
                                    0.31074622710574173,
                                    -0.014575442003974851,
                                    -0.02096613446105976,
                                    0.09684792732561459,
                                    0.05050318360903036,
                                    -0.10649089632367106,
                                    0.15422577803846463,
                                    0.012944691267092872,
                                    0.045950079599205974,
                                    0.14667446474411533,
                                    -0.03557696554035666
                                ],
                                [
                                    0.12216485201137321,
                                    0.1270597284716819,
                                    0.28307776623708186,
                                    -0.19121277893183888,
                                    -0.5140610320784805,
                                    0.07108832195186059,
                                    -0.128799789570974,
                                    -0.2847897579646149,
                                    0.11331675668556393,
                                    0.3046500497268087,
                                    0.3318966682167838,
                                    0.26020901015954556,
                                    0.4382583548138948,
                                    -0.09591975149347723,
                                    -0.05751651024847676,
                                    0.1324388099207414,
                                    -0.0974127631625532,
                                    -0.009065586183277801,
                                    0.042766166319988135,
                                    -0.028120850410156734,
                                    0.0024278776884491334,
                                    5.829560319735134e-05,
                                    -0.03557696554035666,
                                    0.045869580260210284
                                ]
                            ]
                        ],
                        "frozen" : false
                    },
                    {
                        "class" : "Distribution",
                        "name" : "MultivariateGaussianDistribution",
                        "parameters" : [
                            [
                                15.068969015501047,
                                -10.12711902761176,
                                13.706006609471874,
                                -5.876887285651814,
                                -17.77821068681053,
                                -14.844622566170655,
                                -8.520819002507757,
                                -5.544374690222123,
                                -3.931169328190231,
                                1.26985486561143,
                                1.5892344436346464,
                                -9.795986259675354,
                                -1.9859131624630555,
                                -4.893835149036133,
                                -5.8523845359632585,
                                -0.7575155388468574,
                                -3.5966056041708256,
                                -1.4815428200058,
                                -1.9308297960002758,
                                -0.7880564657355018,
                                -0.5762479875223202,
                                -0.2692246465311114,
                                -0.04012375768992021,
                                0.07198326069020057
                            ],
                            [
                                [
                                    6.513267924062733,
                                    3.064910203669561,
                                    5.990597983848896,
                                    -5.410683498076219,
                                    -17.76953241994055,
                                    4.756826217027018,
                                    -3.0211688465835507,
                                    -2.9316668106514134,
                                    4.621155815430055,
                                    7.752548047076101,
                                    2.2793745208260563,
                                    8.178560550763049,
                                    4.947969104754607,
                                    -1.467838404137056,
                                    -3.0180826841969046,
                                    2.311173250875556,
                                    -1.4039415283475751,
                                    -0.044072896982823004,
                                    1.3982531169781567,
                                    -0.8196418641752317,
                                    0.8826551520511682,
                                    0.46105915106094036,
                                    -0.1845663799773142,
                                    0.12216485201137321
                                ],
                                [
                                    3.064910203669561,
                                    194.70715997583014,
                                    109.55191321357825,
                                    -39.614382672471045,
                                    -55.678603095820804,
                                    -142.14812962726393,
                                    0.6394231701950105,
                                    -84.45298344317665,
                                    25.25405829747319,
                                    -21.370774503230923,
                                    34.09828099856834,
                                    -57.9820680857566,
                                    -13.297858121886717,
                                    -24.825901153577245,
                                    -42.139086981642905,
