{
    "class" : "HiddenMarkovModel",
    "name" : "None",
    "start" : {
        "class" : "State",
        "distribution" : null,
        "name" : "None-start",
        "weight" : 1.0
    },
    "end" : {
        "class" : "State",
        "distribution" : null,
        "name" : "None-end",
        "weight" : 1.0
    },
    "states" : [
        {
            "class" : "State",
            "distribution" : {
                "class" : "GeneralMixtureModel",
                "distributions" : [
                    {
                        "class" : "Distribution",
                        "name" : "MultivariateGaussianDistribution",
                        "parameters" : [
                            [
                                14.648094872292718,
                                -27.633263646336093,
                                3.5053922445059507,
                                -11.981630258156724,
                                -13.853337802785308,
                                -3.572423408028981,
                                -2.02506298144577,
                                -1.7934907888561622,
                                2.3312163990249437,
                                4.2103835743221225,
                                1.7490232948022149,
                                -6.774742939964308,
                                4.4354907080748545,
                                -8.703357605034265,
                                -0.9898262940229908,
                                4.396366786348089,
                                -4.648500881871973,
                                3.8401892545948098,
                                -0.36872366140921325,
                                -0.20221620063760595,
                                0.08244560834211115,
                                0.21451019197494434,
                                -0.12137013914271742,
                                -0.019336521750559915
                            ],
                            [
                                [
                                    12.952613657798938,
                                    -17.909764019604648,
                                    21.832963957796725,
                                    -14.729483575468336,
                                    -11.636012672139586,
                                    3.966930657031944,
                                    3.538410741492393,
                                    3.263631396975528,
                                    9.920421914250095,
                                    9.406897629028519,
                                    6.789838959699718,
                                    -6.245618366412126,
                                    9.517506079701107,
                                    -9.723704907056915,
                                    -5.333781123997966,
                                    6.754072507346487,
                                    -11.620321240710403,
                                    3.054058572613823,
                                    0.3562900110014496,
                                    0.2996030857603333,
                                    1.8232914165253737,
                                    0.7726825232572715,
                                    -0.0492130823781088,
                                    -0.14274749198807726
                                ],
                                [
                                    -17.909764019604648,
                                    80.74495062516485,
                                    -30.972223312118146,
                                    33.79833088357507,
                                    26.32115106519672,
                                    -32.5221328275784,
                                    -26.327014279008708,
                                    -0.6315317351501081,
                                    -24.665004399884356,
                                    -26.96677601927741,
                                    -8.338737843707413,
                                    25.26353060442778,
                                    -26.462457003374087,
                                    23.333141364597026,
                                    5.886160707205744,
                                    -21.308523248255575,
                                    25.6604976140428,
                                    -12.377974748525478,
                                    4.142989253615478,
                                    -0.2541484183075166,
                                    -1.624869718386034,
                                    -0.24260046789876732,
                                    0.583918279399453,
                                    0.24041915802300506
                                ],
                                [
                                    21.832963957796725,
                                    -30.972223312118146,
                                    93.62757264315458,
                                    -18.243206866971995,
                                    -7.5469309662273805,
                                    30.352123220085392,
                                    5.05838160508616,
                                    7.432614206208645,
                                    26.29125579939092,
                                    5.965585953448232,
                                    19.364030395176847,
                                    -27.00006165683894,
                                    29.49447452563015,
                                    -23.189535895644052,
                                    -10.741399304815914,
                                    15.258376801464413,
                                    -27.887780130385785,
                                    9.414633565602276,
                                    -2.72297978610162,
                                    2.338397347311001,
                                    3.064087573153728,
                                    0.8367540626897555,
                                    0.10219303330516634,
                                    -0.4382669675660713
                                ],
                                [
                                    -14.729483575468336,
                                    33.79833088357507,
                                    -18.243206866971995,
                                    125.72511601405883,
                                    0.5770189573834589,
                                    10.725704481454194,
                                    -9.23493191073425,
                                    15.009317761978405,
                                    -38.130780667872656,
                                    -29.163915982726582,
                                    -13.028520405262595,
                                    11.7635644841655,
                                    -13.769735782992708,
                                    19.76456733907876,
                                    -1.8646559643962588,
                                    -0.7775086148730409,
                                    21.292660826463,
                                    -6.9485862931122675,
                                    3.5176441962702256,
                                    -2.3699328902413543,
                                    -1.735958114478917,
                                    -0.37726727592377357,
                                    -0.1624058440890592,
                                    0.09694534209467578
                                ],
                                [
                                    -11.636012672139586,
                                    26.32115106519672,
                                    -7.5469309662273805,
                                    0.5770189573834589,
                                    190.63543672218395,
                                    -67.11762981923341,
                                    24.454456542302786,
                                    -10.477217617405726,
                                    -4.956184840494843,
                                    -30.08686044134834,
                                    -53.29275422043487,
                                    43.16661281224102,
                                    -36.0732264230512,
                                    30.23217273592228,
                                    50.10730507843797,
                                    -28.086362612756055,
                                    30.857787750415337,
                                    -4.2329639489191875,
                                    -9.798873455785309,
                                    9.070579307808568,
                                    -5.734358485060508,
                                    -2.0260350700427523,
                                    0.8934670124616523,
                                    0.610008022471958
                                ],
                                [
                                    3.966930657031944,
                                    -32.5221328275784,
                                    30.352123220085392,
                                    10.725704481454194,
                                    -67.11762981923341,
                                    168.76754962995395,
                                    -14.735884689203461,
                                    28.507401152631704,
                                    12.763382999804168,
                                    1.1406883847011746,
                                    52.46208678160489,
                                    -48.34017901889921,
                                    47.92702776924574,
                                    -8.372621945774704,
                                    -24.326254364564548,
                                    16.596160826031134,
                                    -13.396645606648054,
                                    2.587632383237461,
                                    4.565782987049984,
                                    -6.509240610544139,
                                    1.4102735709255616,
                                    -0.30495690458394703,
                                    -1.0709781802829157,
                                    -0.43576345967680663
                                ],
                                [
                                    3.538410741492393,
                                    -26.327014279008708,
                                    5.05838160508616,
                                    -9.23493191073425,
                                    24.454456542302786,
                                    -14.735884689203461,
                                    106.83446825603721,
                                    -28.519857395163896,
                                    8.804542158173623,
                                    15.738501860864693,
                                    -13.491810662979988,
                                    -3.3673381965728004,
                                    9.641037033625802,
                                    -1.9830329427976234,
                                    -3.799529165448711,
                                    22.94544865598106,
                                    -7.7622834268721075,
                                    8.759116883167076,
                                    -4.438126833473871,
                                    -0.11926783631309959,
                                    0.47987735753452676,
                                    -1.0649417707009377,
                                    -0.1897234127581028,
                                    -0.010504919405602324
                                ],
                                [
                                    3.263631396975528,
                                    -0.6315317351501081,
                                    7.432614206208645,
                                    15.009317761978405,
                                    -10.477217617405726,
                                    28.507401152631704,
                                    -28.519857395163896,
                                    73.78908601113005,
                                    -6.996074594530932,
                                    -8.531210869688833,
                                    5.248236569490018,
                                    -2.0503104000209866,
                                    -3.812472682895642,
                                    4.755541397829514,
                                    -1.9470374216023834,
                                    -4.382528283761923,
                                    6.0075959100239364,
                                    -1.8208248506318974,
                                    3.3941592184736473,
                                    -0.39174594278554925,
                                    -0.3741366662056657,
                                    -0.03218753016998527,
                                    -0.08750276057104658,
                                    0.13546288107809362
                                ],
                                [
                                    9.920421914250095,
                                    -24.665004399884356,
                                    26.29125579939092,
                                    -38.130780667872656,
                                    -4.956184840494843,
                                    12.763382999804168,
                                    8.804542158173623,
                                    -6.996074594530932,
                                    79.04365947867474,
                                    12.042138539882416,
                                    18.852870582683803,
                                    -20.019176029907854,
                                    18.87444008227352,
                                    -25.76129862387261,
                                    3.149621595993194,
                                    4.41176735286155,
                                    -14.846006064012679,
                                    5.4237570532543,
                                    -1.377960014233615,
                                    1.1902177499271145,
                                    1.205059883951364,
                                    1.103556447722509,
                                    -0.4887293246721301,
                                    -0.40272759107433986
                                ],
                                [
                                    9.406897629028519,
                                    -26.96677601927741,
                                    5.965585953448232,
                                    -29.163915982726582,
                                    -30.08686044134834,
                                    1.1406883847011746,
                                    15.738501860864693,
                                    -8.531210869688833,
                                    12.042138539882416,
                                    84.44171736955516,
                                    -4.308133695217816,
                                    -8.965504832573002,
                                    11.176682895280281,
                                    -20.655459219844044,
                                    -6.312856858667899,
                                    9.189173713935407,
                                    -18.172828711902305,
                                    6.588532437651684,
                                    -3.8160818917237793,
                                    -0.310370243732449,
                                    2.5187213687270646,
                                    1.0985471343525421,
                                    0.060182748343553014,
                                    -0.19680764204458343
                                ],
                                [
                                    6.789838959699718,
                                    -8.338737843707413,
                                    19.364030395176847,
                                    -13.028520405262595,
                                    -53.29275422043487,
                                    52.46208678160489,
                                    -13.491810662979988,
                                    5.248236569490018,
                                    18.852870582683803,
                                    -4.308133695217816,
                                    91.53874034326061,
                                    -27.436604905831306,
                                    25.854610473152405,
                                    -7.9691137115203095,
                                    -28.00523320501697,
                                    10.891233608938622,
                                    -14.324944698833887,
                                    -1.4759116072769456,
                                    8.3618400485734,
                                    -3.928746226446811,
                                    2.489210404384463,
                                    1.0280329241553054,
                                    -0.4920131165990815,
                                    -0.3335452477981251
                                ],
                                [
                                    -6.245618366412126,
                                    25.26353060442778,
                                    -27.00006165683894,
                                    11.7635644841655,
                                    43.16661281224102,
                                    -48.34017901889921,
                                    -3.3673381965728004,
                                    -2.0503104000209866,
                                    -20.019176029907854,
                                    -8.965504832573002,
                                    -27.436604905831306,
                                    81.5655689894359,
                                    -30.76608893556729,
                                    18.76759423674144,
                                    12.502174991862692,
                                    -16.188502145430157,
                                    15.444134956294217,
                                    -5.97751225815092,
                                    -1.7603208828975903,
                                    2.4326243924732367,
                                    -0.43627177129300587,
                                    -0.5740920078577221,
                                    0.7908642680291185,
                                    0.40080852195679606
                                ],
                                [
                                    9.517506079701107,
                                    -26.462457003374087,
                                    29.49447452563015,
                                    -13.769735782992708,
                                    -36.0732264230512,
                                    47.92702776924574,
                                    9.641037033625802,
                                    -3.812472682895642,
                                    18.87444008227352,
                                    11.176682895280281,
                                    25.854610473152405,
                                    -30.76608893556729,
                                    69.39889522601545,
                                    -22.12236633412642,
                                    -9.879332137316377,
                                    15.203981950388995,
                                    -23.728807633612828,
                                    6.605296240089558,
                                    -0.8258316973953879,
                                    -2.335738800996822,
                                    1.9174890628533547,
                                    0.5751163636722406,
                                    -0.5988528154736263,
                                    -0.4550396432695574
                                ],
                                [
                                    -9.723704907056915,
                                    23.333141364597026,
                                    -23.189535895644052,
                                    19.76456733907876,
                                    30.23217273592228,
                                    -8.372621945774704,
                                    -1.9830329427976234,
                                    4.755541397829514,
                                    -25.76129862387261,
                                    -20.655459219844044,
                                    -7.9691137115203095,
                                    18.76759423674144,
                                    -22.12236633412642,
                                    68.60800269871305,
                                    -7.408229434940124,
                                    -4.4549802583565885,
                                    18.38545399604567,
                                    -9.767460846509257,
                                    3.8271280208719998,
                                    -0.3895769176904185,
                                    -1.8119750725129529,
                                    -1.590592763728071,
                                    0.5388451549375006,
                                    0.3829421604539076
                                ],
                                [
                                    -5.333781123997966,
                                    5.886160707205744,
                                    -10.741399304815914,
                                    -1.8646559643962588,
                                    50.10730507843797,
                                    -24.326254364564548,
                                    -3.799529165448711,
                                    -1.9470374216023834,
                                    3.149621595993194,
                                    -6.312856858667899,
                                    -28.00523320501697,
                                    12.502174991862692,
                                    -9.879332137316377,
                                    -7.408229434940124,
                                    65.40978755791193,
                                    -22.811968016272143,
                                    11.721578751873157,
                                    -1.250581217745286,
                                    -6.584740625445971,
                                    4.312552109677754,
                                    -3.1458312653592198,
                                    -0.27882976520606034,
                                    0.06511473794148344,
                                    0.1717434455427216
                                ],
                                [
                                    6.754072507346487,
                                    -21.308523248255575,
                                    15.258376801464413,
                                    -0.7775086148730409,
                                    -28.086362612756055,
                                    16.596160826031134,
                                    22.94544865598106,
                                    -4.382528283761923,
                                    4.41176735286155,
                                    9.189173713935407,
                                    10.891233608938622,
                                    -16.188502145430157,
                                    15.203981950388995,
                                    -4.4549802583565885,
                                    -22.811968016272143,
                                    40.53036693238433,
                                    -13.255434776739513,
                                    5.556183636201552,
                                    0.08768174496250875,
                                    -3.036813457754036,
                                    1.797463447613889,
                                    -0.16501451750128304,
                                    -0.29019233777669934,
                                    -0.17892174916434753
                                ],
                                [
                                    -11.620321240710403,
                                    25.6604976140428,
                                    -27.887780130385785,
                                    21.292660826463,
                                    30.857787750415337,
                                    -13.396645606648054,
                                    -7.7622834268721075,
                                    6.0075959100239364,
                                    -14.846006064012679,
                                    -18.172828711902305,
                                    -14.324944698833887,
                                    15.444134956294217,
                                    -23.728807633612828,
                                    18.38545399604567,
                                    11.721578751873157,
                                    -13.255434776739513,
                                    35.93576608189928,
                                    -7.210211460046058,
                                    0.0873090056578839,
                                    0.737044320132413,
                                    -3.0664682141561737,
                                    -0.7810758722734179,
                                    0.052308487137335415,
                                    0.3183953455849733
                                ],
                                [
                                    3.054058572613823,
                                    -12.377974748525478,
                                    9.414633565602276,
                                    -6.9485862931122675,
                                    -4.2329639489191875,
                                    2.587632383237461,
                                    8.759116883167076,
                                    -1.8208248506318974,
                                    5.4237570532543,
                                    6.588532437651684,
                                    -1.4759116072769456,
                                    -5.97751225815092,
                                    6.605296240089558,
                                    -9.767460846509257,
                                    -1.250581217745286,
                                    5.556183636201552,
                                    -7.210211460046058,
                                    13.65839901910193,
                                    -1.6214557440353257,
                                    0.1520814569789234,
                                    0.5963798718615118,
                                    -0.07336831227288378,
                                    -0.12393557328238337,
                                    -0.03625711031781428
                                ],
                                [
                                    0.3562900110014496,
                                    4.142989253615478,
                                    -2.72297978610162,
                                    3.5176441962702256,
                                    -9.798873455785309,
                                    4.565782987049984,
                                    -4.438126833473871,
                                    3.3941592184736473,
                                    -1.377960014233615,
                                    -3.8160818917237793,
                                    8.3618400485734,
                                    -1.7603208828975903,
                                    -0.8258316973953879,
                                    3.8271280208719998,
                                    -6.584740625445971,
                                    0.08768174496250875,
                                    0.0873090056578839,
                                    -1.6214557440353257,
                                    8.943766074038814,
                                    -1.0914314335423327,
                                    0.3741398940893586,
                                    -0.047812801906638426,
                                    -0.10098682839582415,
                                    0.0062079949005234706
                                ],
                                [
                                    0.2996030857603333,
                                    -0.2541484183075166,
                                    2.338397347311001,
                                    -2.3699328902413543,
                                    9.070579307808568,
                                    -6.509240610544139,
                                    -0.11926783631309959,
                                    -0.39174594278554925,
                                    1.1902177499271145,
                                    -0.310370243732449,
                                    -3.928746226446811,
                                    2.4326243924732367,
                                    -2.335738800996822,
                                    -0.3895769176904185,
                                    4.312552109677754,
                                    -3.036813457754036,
                                    0.737044320132413,
                                    0.1520814569789234,
                                    -1.0914314335423327,
                                    4.47576142670911,
                                    -0.21697286115464995,
                                    -0.0847143458895507,
                                    0.016932076981888596,
                                    0.015531880051458554
                                ],
                                [
                                    1.8232914165253737,
                                    -1.624869718386034,
                                    3.064087573153728,
                                    -1.735958114478917,
                                    -5.734358485060508,
                                    1.4102735709255616,
                                    0.47987735753452676,
                                    -0.3741366662056657,
                                    1.205059883951364,
                                    2.5187213687270646,
                                    2.489210404384463,
                                    -0.43627177129300587,
                                    1.9174890628533547,
                                    -1.8119750725129529,
                                    -3.1458312653592198,
                                    1.797463447613889,
                                    -3.0664682141561737,
                                    0.5963798718615118,
                                    0.3741398940893586,
                                    -0.21697286115464995,
                                    2.269853302532747,
                                    0.25317897310557763,
                                    -0.003819834534940319,
                                    -0.01866118821950302
                                ],
                                [
                                    0.7726825232572715,
                                    -0.24260046789876732,
                                    0.8367540626897555,
                                    -0.37726727592377357,
                                    -2.0260350700427523,
                                    -0.30495690458394703,
                                    -1.0649417707009377,
                                    -0.03218753016998527,
                                    1.103556447722509,
                                    1.0985471343525421,
                                    1.0280329241553054,
                                    -0.5740920078577221,
                                    0.5751163636722406,
                                    -1.590592763728071,
                                    -0.27882976520606034,
                                    -0.16501451750128304,
                                    -0.7810758722734179,
                                    -0.07336831227288378,
                                    -0.047812801906638426,
                                    -0.0847143458895507,
                                    0.25317897310557763,
                                    0.8049634800904573,
                                    0.010731464076278218,
                                    -0.013551443383236201
                                ],
                                [
                                    -0.0492130823781088,
                                    0.583918279399453,
                                    0.10219303330516634,
                                    -0.1624058440890592,
                                    0.8934670124616523,
                                    -1.0709781802829157,
                                    -0.1897234127581028,
                                    -0.08750276057104658,
                                    -0.4887293246721301,
                                    0.060182748343553014,
                                    -0.4920131165990815,
                                    0.7908642680291185,
                                    -0.5988528154736263,
                                    0.5388451549375006,
                                    0.06511473794148344,
                                    -0.29019233777669934,
                                    0.052308487137335415,
                                    -0.12393557328238337,
                                    -0.10098682839582415,
                                    0.016932076981888596,
                                    -0.003819834534940319,
                                    0.010731464076278218,
                                    0.10948043923025,
                                    0.003989082858683798
                                ],
                                [
                                    -0.14274749198807726,
                                    0.24041915802300506,
                                    -0.4382669675660713,
                                    0.09694534209467578,
                                    0.610008022471958,
                                    -0.43576345967680663,
                                    -0.010504919405602324,
                                    0.13546288107809362,
                                    -0.40272759107433986,
                                    -0.19680764204458343,
                                    -0.3335452477981251,
                                    0.40080852195679606,
                                    -0.4550396432695574,
                                    0.3829421604539076,
                                    0.1717434455427216,
                                    -0.17892174916434753,
                                    0.3183953455849733,
                                    -0.03625711031781428,
                                    0.0062079949005234706,
                                    0.015531880051458554,
                                    -0.01866118821950302,
                                    -0.013551443383236201,
                                    0.003989082858683798,
                                    0.03000632137697769
                                ]
                            ]
                        ],
                        "frozen" : false
                    },
                    {
                        "class" : "Distribution",
                        "name" : "MultivariateGaussianDistribution",
                        "parameters" : [
                            [
                                14.648094872292718,
                                -27.633263646336093,
                                3.5053922445059507,
                                -11.981630258156724,
                                -13.853337802785308,
                                -3.572423408028981,
                                -2.02506298144577,
                                -1.7934907888561622,
                                2.3312163990249437,
                                4.2103835743221225,
                                1.7490232948022149,
                                -6.774742939964308,
                                4.4354907080748545,
                                -8.703357605034265,
                                -0.9898262940229908,
                                4.396366786348089,
                                -4.648500881871973,
                                3.8401892545948098,
                                -0.36872366140921325,
                                -0.20221620063760595,
                                0.08244560834211115,
                                0.21451019197494434,
                                -0.12137013914271742,
                                -0.019336521750559915
                            ],
                            [
                                [
                                    12.952613657798938,
                                    -17.909764019604648,
                                    21.832963957796725,
                                    -14.729483575468336,
                                    -11.636012672139586,
                                    3.966930657031944,
                                    3.538410741492393,
                                    3.263631396975528,
                                    9.920421914250095,
                                    9.406897629028519,
                                    6.789838959699718,
                                    -6.245618366412126,
                                    9.517506079701107,
                                    -9.723704907056915,
                                    -5.333781123997966,
                                    6.754072507346487,
                                    -11.620321240710403,
                                    3.054058572613823,
                                    0.3562900110014496,
                                    0.2996030857603333,
                                    1.8232914165253737,
                                    0.7726825232572715,
                                    -0.0492130823781088,
                                    -0.14274749198807726
                                ],
                                [
                                    -17.909764019604648,
                                    80.74495062516485,
                                    -30.972223312118146,
                                    33.79833088357507,
                                    26.32115106519672,
                                    -32.5221328275784,
                                    -26.327014279008708,
                                    -0.6315317351501081,
                                    -24.665004399884356,
                                    -26.96677601927741,
                                    -8.338737843707413,
                                    25.26353060442778,
                                    -26.462457003374087,
                                    23.333141364597026,
