{
    "class" : "HiddenMarkovModel",
    "name" : "None",
    "start" : {
        "class" : "State",
        "distribution" : null,
        "name" : "None-start",
        "weight" : 1.0
    },
    "end" : {
        "class" : "State",
        "distribution" : null,
        "name" : "None-end",
        "weight" : 1.0
    },
    "states" : [
        {
            "class" : "State",
            "distribution" : {
                "class" : "GeneralMixtureModel",
                "distributions" : [
                    {
                        "class" : "Distribution",
                        "name" : "MultivariateGaussianDistribution",
                        "parameters" : [
                            [
                                14.70893625976907,
                                5.883617569759875,
                                2.091633149604216,
                                -22.398844374128576,
                                -22.41811172025426,
                                -4.026770331257988,
                                -9.532830594444981,
                                -4.320799009450577,
                                -2.7678428579025876,
                                -6.360286060098299,
                                -0.7835211923957364,
                                -7.07767810780676,
                                -5.3171428239249625,
                                -3.990253361167472,
                                -4.327951534549617,
                                -0.7888257003117417,
                                -0.001839332217969475,
                                0.27274345702294794,
                                -0.43648826669398777,
                                -0.5797784783793654,
                                -1.0150425005823525,
                                -0.46677761678871144,
                                -0.04907291462073393,
                                0.05683311354690226
                            ],
                            [
                                [
                                    10.574046822111194,
                                    32.59667164800684,
                                    7.681403761921304,
                                    -19.516218163245906,
                                    -24.27759068134226,
                                    -10.818382239121016,
                                    -3.180085320162458,
                                    -1.3168554643979962,
                                    4.661425921078418,
                                    4.40976706428382,
                                    -0.3503822529337778,
                                    -3.667289249394607,
                                    -1.5589767406676487,
                                    -4.188587723680929,
                                    -2.101415021788402,
                                    -1.39207825451415,
                                    1.0528798664484602,
                                    2.794317169751907,
                                    0.79582649583295,
                                    -1.1317470679968413,
                                    -1.1200881756132781,
                                    -0.40640482574399117,
                                    0.14298647613290527,
                                    0.07767490345216177
                                ],
                                [
                                    32.59667164800684,
                                    249.4454699702152,
                                    35.81196457922121,
                                    -102.07321158896427,
                                    -111.18828566733691,
                                    -35.0068399363514,
                                    -25.279255392613173,
                                    -28.973389234285797,
                                    21.77689877385368,
                                    -20.201410716332195,
                                    21.07495879537444,
                                    -31.616466719143155,
                                    -0.7130811278264695,
                                    -26.027737236927543,
                                    -25.090817450311146,
                                    -3.7641282666418623,
                                    -5.733908222299312,
                                    17.904157456290758,
                                    0.9697489424772694,
                                    -7.701390013045019,
                                    -5.971388823354689,
                                    -3.7956668502958766,
                                    -0.1421973769423065,
                                    0.3690857766370263
                                ],
                                [
                                    7.681403761921304,
                                    35.81196457922121,
                                    86.07420683864535,
                                    -0.40655100090598517,
                                    -11.610075374377017,
                                    -61.546713784540216,
                                    -5.86741387731107,
                                    0.9271991679435962,
                                    0.1693864550237719,
                                    1.3415352504658036,
                                    -4.838782244450758,
                                    -3.139546561265294,
                                    1.6502512104924905,
                                    -11.631552610334031,
                                    -10.872784886870901,
                                    -4.47026357822921,
                                    -3.6788239613272897,
                                    2.744775005792529,
                                    -0.757196785921266,
                                    -4.393449098142027,
                                    -1.6320281753627308,
                                    -1.4466450512216456,
                                    -0.23949261959675827,
                                    0.23013763475011653
                                ],
                                [
                                    -19.516218163245906,
                                    -102.07321158896427,
                                    -0.40655100090598517,
                                    165.28203519930426,
                                    32.719399233716686,
                                    46.92340945666437,
                                    -24.46218836402147,
                                    11.296599989431465,
                                    8.188403613847141,
                                    -17.457314537222327,
                                    8.55662118800083,
                                    -2.5018506757239516,
                                    7.310217701753999,
                                    14.28020641877316,
                                    11.73123108165621,
                                    -2.2240227501194174,
                                    0.9437746468169825,
                                    -7.927192680039165,
                                    1.1626225066322344,
                                    6.131136579832696,
                                    4.011957706194396,
                                    1.699101228786273,
                                    -0.3028548715168873,
                                    -0.29102420108885263
                                ],
                                [
                                    -24.27759068134226,
                                    -111.18828566733691,
                                    -11.610075374377017,
                                    32.719399233716686,
                                    170.91917491841113,
                                    -27.192469339319796,
                                    52.173726333331295,
                                    -2.8338255902192975,
                                    -18.931405814136205,
                                    27.48705646916236,
                                    -35.524046496446715,
                                    35.66117076375246,
                                    -11.34002041418817,
                                    18.994830807023227,
                                    13.595815743200674,
                                    6.561538101127803,
                                    6.372835941839237,
                                    0.19166905819667415,
                                    2.6528780151497497,
                                    4.35108583600446,
                                    4.64619372604251,
                                    2.2470290758725318,
                                    -0.23071657776338636,
                                    -0.36155512099142717
                                ],
                                [
                                    -10.818382239121016,
                                    -35.0068399363514,
                                    -61.546713784540216,
                                    46.92340945666437,
                                    -27.192469339319796,
                                    206.889315052243,
                                    -44.0588328262039,
                                    19.226856627428454,
                                    13.614570365272472,
                                    -20.333966393193897,
                                    55.95747119694605,
                                    -28.807950934296194,
                                    10.034827122198125,
                                    19.84873774081495,
                                    14.361119243144673,
                                    15.055033081358253,
                                    -5.182988615932769,
                                    -7.313910800596747,
                                    -5.1802713100546285,
                                    2.2442850867536572,
                                    -2.7220864072303192,
                                    -0.3017744735116749,
                                    -0.22039086424790072,
                                    -0.16462058004892702
                                ],
                                [
                                    -3.180085320162458,
                                    -25.279255392613173,
                                    -5.86741387731107,
                                    -24.46218836402147,
                                    52.173726333331295,
                                    -44.0588328262039,
                                    108.90054977183439,
                                    6.124765369517673,
                                    -13.367648709898607,
                                    16.25683973166297,
                                    -31.657803069978034,
                                    54.052240176036825,
                                    -17.277560749137184,
                                    13.144029808142708,
                                    1.2095808514340611,
                                    4.9458835750169365,
                                    8.540126101869367,
                                    -2.5965748396657524,
                                    1.6729723708561453,
                                    0.9213439456587137,
                                    3.1295345969177517,
                                    2.2913744857924083,
                                    0.769826885109253,
                                    -0.28914250641738626
                                ],
                                [
                                    -1.3168554643979962,
                                    -28.973389234285797,
                                    0.9271991679435962,
                                    11.296599989431465,
                                    -2.8338255902192975,
                                    19.226856627428454,
                                    6.124765369517673,
                                    92.54673055034006,
                                    7.682024509305217,
                                    1.4338181575129134,
                                    5.2462892708299,
                                    4.068193975928788,
                                    18.265506103662634,
                                    -0.5158918357333875,
                                    8.615186159566946,
                                    5.371527491688711,
                                    2.8714614872927773,
                                    -5.081995714996079,
                                    -2.1128276980697573,
                                    -0.8231606125737149,
                                    -1.6586945088129963,
                                    -0.38714231657219306,
                                    -0.2765783424471284,
                                    0.0007784563303934526
                                ],
                                [
                                    4.661425921078418,
                                    21.77689877385368,
                                    0.1693864550237719,
                                    8.188403613847141,
                                    -18.931405814136205,
                                    13.614570365272472,
                                    -13.367648709898607,
                                    7.682024509305217,
                                    102.3575970855768,
                                    -16.270335051208857,
                                    36.77658074601501,
                                    -24.2235341884627,
                                    -2.584972098374185,
                                    11.20262535123491,
                                    1.1767266968565342,
                                    9.707766619094537,
                                    -3.6994793112497106,
                                    0.9812908764340287,
                                    -3.545431469499907,
                                    -6.493539548232016,
                                    -2.927545409328218,
                                    -2.664056474007487,
                                    -0.2528236610573198,
                                    0.19769457053541464
                                ],
                                [
                                    4.40976706428382,
                                    -20.201410716332195,
                                    1.3415352504658036,
                                    -17.457314537222327,
                                    27.48705646916236,
                                    -20.333966393193897,
                                    16.25683973166297,
                                    1.4338181575129134,
                                    -16.270335051208857,
                                    97.2894828227178,
                                    -12.60917202298852,
                                    11.17451771001737,
                                    -9.489012179631706,
                                    -2.800063338630118,
                                    11.16444740236207,
                                    -3.2410483480859917,
                                    6.638761091955095,
                                    1.957707271120753,
                                    4.403712418228143,
                                    4.597123128253802,
                                    1.8348744084292488,
                                    1.1865900554735482,
                                    -0.19675177408706807,
                                    0.05495640105920484
                                ],
                                [
                                    -0.3503822529337778,
                                    21.07495879537444,
                                    -4.838782244450758,
                                    8.55662118800083,
                                    -35.524046496446715,
                                    55.95747119694605,
                                    -31.657803069978034,
                                    5.2462892708299,
                                    36.77658074601501,
                                    -12.60917202298852,
                                    91.35133137630558,
                                    -22.360213901585436,
                                    10.50007672569383,
                                    3.0260621184243783,
                                    -3.4897325131365102,
                                    11.049565564670555,
                                    -10.30902462501184,
                                    0.12379512289465443,
                                    -4.4103597894420306,
                                    -4.79333960135024,
                                    -3.070954372750281,
                                    -2.2816503559400214,
                                    -0.6001485891364424,
                                    0.3012971553824373
                                ],
                                [
                                    -3.667289249394607,
                                    -31.616466719143155,
                                    -3.139546561265294,
                                    -2.5018506757239516,
                                    35.66117076375246,
                                    -28.807950934296194,
                                    54.052240176036825,
                                    4.068193975928788,
                                    -24.2235341884627,
                                    11.17451771001737,
                                    -22.360213901585436,
                                    103.73723769890947,
                                    -10.638564634414452,
                                    10.073413746311786,
                                    -4.784260682903301,
                                    -1.3294662072645946,
                                    10.342360369244439,
                                    -5.5381288716377295,
                                    1.3993318934688361,
                                    2.4225720324709807,
                                    4.118074447117188,
                                    2.4173070582418115,
                                    0.9544260481262906,
                                    -0.26081844513932884
                                ],
                                [
                                    -1.5589767406676487,
                                    -0.7130811278264695,
                                    1.6502512104924905,
                                    7.310217701753999,
                                    -11.34002041418817,
                                    10.034827122198125,
                                    -17.277560749137184,
                                    18.265506103662634,
                                    -2.584972098374185,
                                    -9.489012179631706,
                                    10.50007672569383,
                                    -10.638564634414452,
                                    58.791841397595995,
                                    -3.8289681760093344,
                                    9.523512697841733,
                                    -3.8630561309906253,
                                    3.504359400508107,
                                    3.333687424263448,
                                    0.6349966673160874,
                                    -0.06542882992113533,
                                    -2.7738332753626636,
                                    -0.7532042933302869,
                                    -0.4575069712444005,
                                    0.11637788173471687
                                ],
                                [
                                    -4.188587723680929,
                                    -26.027737236927543,
                                    -11.631552610334031,
                                    14.28020641877316,
                                    18.994830807023227,
                                    19.84873774081495,
                                    13.144029808142708,
                                    -0.5158918357333875,
                                    11.20262535123491,
                                    -2.800063338630118,
                                    3.0260621184243783,
                                    10.073413746311786,
                                    -3.8289681760093344,
                                    47.550214125080764,
                                    4.516222489670368,
                                    7.170701242811728,
                                    -2.0291497775278335,
                                    -1.0137882578622337,
                                    2.218138432617091,
                                    -1.744797418325402,
                                    -0.035544505453672624,
                                    -0.5660433168542574,
                                    0.3026450281561855,
                                    0.022930457694411002
                                ],
                                [
                                    -2.101415021788402,
                                    -25.090817450311146,
                                    -10.872784886870901,
                                    11.73123108165621,
                                    13.595815743200674,
                                    14.361119243144673,
                                    1.2095808514340611,
                                    8.615186159566946,
                                    1.1767266968565342,
                                    11.16444740236207,
                                    -3.4897325131365102,
                                    -4.784260682903301,
                                    9.523512697841733,
                                    4.516222489670368,
                                    47.12783572757483,
                                    -0.5239791815655822,
                                    4.0439055346927475,
                                    -2.8585137478337264,
                                    -0.3467777071790096,
                                    1.9288929855357502,
                                    -0.48134439079109004,
                                    0.24546373979230482,
                                    0.13395267546587833,
                                    -0.01729648167304978
                                ],
                                [
                                    -1.39207825451415,
                                    -3.7641282666418623,
                                    -4.47026357822921,
                                    -2.2240227501194174,
                                    6.561538101127803,
                                    15.055033081358253,
                                    4.9458835750169365,
                                    5.371527491688711,
                                    9.707766619094537,
                                    -3.2410483480859917,
                                    11.049565564670555,
                                    -1.3294662072645946,
                                    -3.8630561309906253,
                                    7.170701242811728,
                                    -0.5239791815655822,
                                    27.483289074562936,
                                    1.0617495551875786,
                                    2.9942453547423047,
                                    -1.6998163611265844,
                                    -2.1318962705550644,
                                    -0.9313159648126439,
                                    -1.214641958883829,
                                    -0.24046925543609904,
                                    0.11660207132116582
                                ],
                                [
                                    1.0528798664484602,
                                    -5.733908222299312,
                                    -3.6788239613272897,
                                    0.9437746468169825,
                                    6.372835941839237,
                                    -5.182988615932769,
                                    8.540126101869367,
                                    2.8714614872927773,
                                    -3.6994793112497106,
                                    6.638761091955095,
                                    -10.30902462501184,
                                    10.342360369244439,
                                    3.504359400508107,
                                    -2.0291497775278335,
                                    4.0439055346927475,
                                    1.0617495551875786,
                                    22.23883842233555,
                                    3.7946888847327243,
                                    4.040221194765773,
                                    1.3983703470384774,
                                    -0.1087990095638322,
                                    0.5601597132095305,
                                    0.021788689523336357,
                                    -0.14256186866258103
                                ],
                                [
                                    2.794317169751907,
                                    17.904157456290758,
                                    2.744775005792529,
                                    -7.927192680039165,
                                    0.19166905819667415,
                                    -7.313910800596747,
                                    -2.5965748396657524,
                                    -5.081995714996079,
                                    0.9812908764340287,
                                    1.957707271120753,
                                    0.12379512289465443,
                                    -5.5381288716377295,
                                    3.333687424263448,
                                    -1.0137882578622337,
                                    -2.8585137478337264,
                                    2.9942453547423047,
                                    3.7946888847327243,
                                    18.44231602965283,
                                    3.9628851492921457,
                                    0.5839347196545412,
                                    -1.0139393911330998,
                                    -0.8648503445527799,
                                    -0.155301092897318,
                                    0.014341583165921355
                                ],
                                [
                                    0.79582649583295,
                                    0.9697489424772694,
                                    -0.757196785921266,
                                    1.1626225066322344,
                                    2.6528780151497497,
                                    -5.1802713100546285,
                                    1.6729723708561453,
                                    -2.1128276980697573,
                                    -3.545431469499907,
                                    4.403712418228143,
                                    -4.4103597894420306,
                                    1.3993318934688361,
                                    0.6349966673160874,
                                    2.218138432617091,
                                    -0.3467777071790096,
                                    -1.6998163611265844,
                                    4.040221194765773,
                                    3.9628851492921457,
                                    11.235019570349332,
                                    2.9424244179881316,
                                    1.6827126491654714,
                                    0.2674044566087696,
                                    0.07498534348172216,
                                    -0.02769540505907981
                                ],
                                [
                                    -1.1317470679968413,
                                    -7.701390013045019,
                                    -4.393449098142027,
                                    6.131136579832696,
                                    4.35108583600446,
                                    2.2442850867536572,
                                    0.9213439456587137,
                                    -0.8231606125737149,
                                    -6.493539548232016,
                                    4.597123128253802,
                                    -4.79333960135024,
                                    2.4225720324709807,
                                    -0.06542882992113533,
                                    -1.744797418325402,
                                    1.9288929855357502,
                                    -2.1318962705550644,
                                    1.3983703470384774,
                                    0.5839347196545412,
                                    2.9424244179881316,
                                    7.572871936443338,
                                    2.6311922682493725,
                                    1.4181472693096413,
                                    0.011954262939413875,
                                    -0.04676010784708653
                                ],
                                [
                                    -1.1200881756132781,
                                    -5.971388823354689,
                                    -1.6320281753627308,
                                    4.011957706194396,
                                    4.64619372604251,
                                    -2.7220864072303192,
                                    3.1295345969177517,
                                    -1.6586945088129963,
                                    -2.927545409328218,
                                    1.8348744084292488,
                                    -3.070954372750281,
                                    4.118074447117188,
                                    -2.7738332753626636,
                                    -0.035544505453672624,
                                    -0.48134439079109004,
                                    -0.9313159648126439,
                                    -0.1087990095638322,
                                    -1.0139393911330998,
                                    1.6827126491654714,
                                    2.6311922682493725,
                                    3.7359988912771653,
                                    1.0298791617909366,
                                    0.14592200009559433,
                                    -0.013943337977128116
                                ],
                                [
                                    -0.40640482574399117,
                                    -3.7956668502958766,
                                    -1.4466450512216456,
                                    1.699101228786273,
                                    2.2470290758725318,
                                    -0.3017744735116749,
                                    2.2913744857924083,
                                    -0.38714231657219306,
                                    -2.664056474007487,
                                    1.1865900554735482,
                                    -2.2816503559400214,
                                    2.4173070582418115,
                                    -0.7532042933302869,
                                    -0.5660433168542574,
                                    0.24546373979230482,
                                    -1.214641958883829,
                                    0.5601597132095305,
                                    -0.8648503445527799,
                                    0.2674044566087696,
                                    1.4181472693096413,
                                    1.0298791617909366,
                                    1.3574842009404409,
                                    0.15823438692227973,
                                    -0.07287052088847562
                                ],
                                [
                                    0.14298647613290527,
                                    -0.1421973769423065,
                                    -0.23949261959675827,
                                    -0.3028548715168873,
                                    -0.23071657776338636,
                                    -0.22039086424790072,
                                    0.769826885109253,
                                    -0.2765783424471284,
                                    -0.2528236610573198,
                                    -0.19675177408706807,
                                    -0.6001485891364424,
                                    0.9544260481262906,
                                    -0.4575069712444005,
                                    0.3026450281561855,
                                    0.13395267546587833,
                                    -0.24046925543609904,
                                    0.021788689523336357,
                                    -0.155301092897318,
                                    0.07498534348172216,
                                    0.011954262939413875,
                                    0.14592200009559433,
                                    0.15823438692227973,
                                    0.1873321963273093,
                                    -0.03713849570460364
                                ],
                                [
                                    0.07767490345216177,
                                    0.3690857766370263,
                                    0.23013763475011653,
                                    -0.29102420108885263,
                                    -0.36155512099142717,
                                    -0.16462058004892702,
                                    -0.28914250641738626,
                                    0.0007784563303934526,
                                    0.19769457053541464,
                                    0.05495640105920484,
                                    0.3012971553824373,
                                    -0.26081844513932884,
                                    0.11637788173471687,
                                    0.022930457694411002,
                                    -0.01729648167304978,
                                    0.11660207132116582,
                                    -0.14256186866258103,
                                    0.014341583165921355,
                                    -0.02769540505907981,
                                    -0.04676010784708653,
                                    -0.013943337977128116,
                                    -0.07287052088847562,
                                    -0.03713849570460364,
                                    0.05318903165682181
                                ]
                            ]
                        ],
                        "frozen" : false
                    },
                    {
                        "class" : "Distribution",
                        "name" : "MultivariateGaussianDistribution",
                        "parameters" : [
                            [
                                14.70893625976907,
                                5.883617569759875,
                                2.091633149604216,
                                -22.398844374128576,
                                -22.41811172025426,
                                -4.026770331257988,
                                -9.532830594444981,
                                -4.320799009450577,
                                -2.7678428579025876,
                                -6.360286060098299,
                                -0.7835211923957364,
                                -7.07767810780676,
                                -5.3171428239249625,
                                -3.990253361167472,
                                -4.327951534549617,
                                -0.7888257003117417,
                                -0.001839332217969475,
                                0.27274345702294794,
                                -0.43648826669398777,
                                -0.5797784783793654,
                                -1.0150425005823525,
                                -0.46677761678871144,
                                -0.04907291462073393,
                                0.05683311354690226
                            ],
                            [
                                [
                                    10.574046822111194,
                                    32.59667164800684,
                                    7.681403761921304,
                                    -19.516218163245906,
                                    -24.27759068134226,
                                    -10.818382239121016,
                                    -3.180085320162458,
                                    -1.3168554643979962,
                                    4.661425921078418,
                                    4.40976706428382,
                                    -0.3503822529337778,
                                    -3.667289249394607,
                                    -1.5589767406676487,
                                    -4.188587723680929,
                                    -2.101415021788402,
                                    -1.39207825451415,
                                    1.0528798664484602,
                                    2.794317169751907,
                                    0.79582649583295,
                                    -1.1317470679968413,
                                    -1.1200881756132781,
                                    -0.40640482574399117,
                                    0.14298647613290527,
                                    0.07767490345216177
                                ],
                                [
                                    32.59667164800684,
                                    249.4454699702152,
                                    35.81196457922121,
                                    -102.07321158896427,
                                    -111.18828566733691,
                                    -35.0068399363514,
                                    -25.279255392613173,
                                    -28.973389234285797,
                                    21.77689877385368,
                                    -20.201410716332195,
                                    21.07495879537444,
                                    -31.616466719143155,
                                    -0.7130811278264695,
                                    -26.027737236927543,
