{
    "class" : "HiddenMarkovModel",
    "name" : "None",
    "start" : {
        "class" : "State",
        "distribution" : null,
        "name" : "None-start",
        "weight" : 1.0
    },
    "end" : {
        "class" : "State",
        "distribution" : null,
        "name" : "None-end",
        "weight" : 1.0
    },
    "states" : [
        {
            "class" : "State",
            "distribution" : {
                "class" : "GeneralMixtureModel",
                "distributions" : [
                    {
                        "class" : "Distribution",
                        "name" : "MultivariateGaussianDistribution",
                        "parameters" : [
                            [
                                15.073167287239512,
                                0.6284380715468907,
                                5.818253017534407,
                                -2.126678630558838,
                                -20.622683122674243,
                                -7.198650687436102,
                                -23.93094432011535,
                                0.40052530536571884,
                                -3.3929807820220055,
                                -11.452073088056054,
                                -0.7954150778410783,
                                -13.27739248867567,
                                -1.1465396459627448,
                                -6.041872611442008,
                                -2.138301072990301,
                                -2.4718406543150033,
                                0.7035520347392207,
                                -1.2906156916898084,
                                -1.7340967214633796,
                                -0.34051656706279854,
                                -1.6505919477130049,
                                -0.43080189007312936,
                                -0.22391032446912548,
                                0.08122345564696203
                            ],
                            [
                                [
                                    6.345313265888229,
                                    7.822927744652927,
                                    -3.127612360810785,
                                    -1.0044456517533897,
                                    -8.031067893713201,
                                    -13.051773593623851,
                                    2.3198988226804556,
                                    4.818110156363117,
                                    -1.5117202072271112,
                                    1.5009968087257664,
                                    -3.6032931190207655,
                                    1.669814863793962,
                                    0.4422393010307284,
                                    -4.325208341910032,
                                    3.6053612991582673,
                                    -1.59644767917544,
                                    2.4113673773003717,
                                    0.8641320453326542,
                                    0.5871532350299798,
                                    0.9263218878359916,
                                    -0.1945510744821754,
                                    -0.4045096250940389,
                                    -0.26367335567230815,
                                    0.0986722234124043
                                ],
                                [
                                    7.822927744652927,
                                    156.85250872833834,
                                    46.33568175167926,
                                    -20.917710745669826,
                                    -38.36076212089099,
                                    17.27671081753042,
                                    -103.01878690544525,
                                    7.520940323530453,
                                    20.20780615528075,
                                    -28.544414848733247,
                                    -2.8326767065373044,
                                    -38.35450546751603,
                                    24.89557450425262,
                                    -43.627088427576275,
                                    23.340022549896688,
                                    7.133455843413094,
                                    3.993916877524739,
                                    8.217114534648267,
                                    -0.3310490140013223,
                                    -7.513087529324387,
                                    -6.547255166930094,
                                    -3.98413270300932,
                                    -0.8431278935647616,
                                    0.24292938905986014
                                ],
                                [
                                    -3.127612360810785,
                                    46.33568175167926,
                                    124.81053198915738,
                                    24.77595812819058,
                                    -4.3324167119505415,
                                    9.468574555987237,
                                    -86.28643388966512,
                                    -34.62233025262293,
                                    32.751998408267546,
                                    -13.048488523809217,
                                    4.048313975192496,
                                    -11.387343009176647,
                                    7.0571476069282175,
                                    -21.76871803738318,
                                    1.328479323094306,
                                    9.071715469699315,
                                    -6.0834627646376,
                                    -4.426772709635573,
                                    -4.304829330453206,
                                    -8.65317246362589,
                                    -2.862495051707791,
                                    -1.8100717457826667,
                                    0.20105154626228858,
                                    0.1622329549889823
                                ],
                                [
                                    -1.0044456517533897,
                                    -20.917710745669826,
                                    24.77595812819058,
                                    101.73779857330446,
                                    -30.30119426981557,
                                    25.330178093888062,
                                    -35.45370363669606,
                                    26.703077585218423,
                                    45.37450792018609,
                                    -54.47670688081243,
                                    0.9548179363636178,
                                    16.99001302049059,
                                    -6.294602049940648,
                                    4.933993165462018,
                                    -16.855780560591903,
                                    -0.854770125298226,
                                    9.33796420325979,
                                    -6.2015568417721045,
                                    4.9322849904335175,
                                    1.0038867272555314,
                                    1.6640509752823074,
                                    0.8765294774476188,
                                    1.325209022972503,
                                    -0.24825285567177363
                                ],
                                [
                                    -8.031067893713201,
                                    -38.36076212089099,
                                    -4.3324167119505415,
                                    -30.30119426981557,
                                    102.69516492357279,
                                    -19.539591548513208,
                                    61.25976477169741,
                                    -34.70944564194396,
                                    -33.03283176005205,
                                    38.94079264669897,
                                    8.064281965451013,
                                    18.45655649335681,
                                    -5.6892810689089215,
                                    19.64026572849757,
                                    9.381842786056033,
                                    3.5286231074192775,
                                    -6.481038706238382,
                                    -1.6699422192154014,
                                    -1.6611721174709395,
                                    1.4803564779765381,
                                    3.3529589329425438,
                                    0.2552907884106524,
                                    -0.19963468573438523,
                                    0.16659415170440584
                                ],
                                [
                                    -13.051773593623851,
                                    17.27671081753042,
                                    9.468574555987237,
                                    25.330178093888062,
                                    -19.539591548513208,
                                    291.3945536089797,
                                    -161.2848588179565,
                                    80.65486100716879,
                                    92.8627078558162,
                                    -103.79970891836052,
                                    48.53779305296872,
                                    -52.133416057297396,
                                    46.43624040083262,
                                    -22.0423285673214,
                                    -10.422582240429568,
                                    13.469647006667522,
                                    -4.692019204171591,
                                    -2.30170828468979,
                                    1.9043808600125567,
                                    -8.219383828254191,
                                    -5.7431703028282435,
                                    -1.1771997991000485,
                                    0.3724635279680714,
                                    -0.9989801112357667
                                ],
                                [
                                    2.3198988226804556,
                                    -103.01878690544525,
                                    -86.28643388966512,
                                    -35.45370363669606,
                                    61.25976477169741,
                                    -161.2848588179565,
                                    306.41087757470723,
                                    -66.30584779513103,
                                    -128.23586130899238,
                                    122.35664970764333,
                                    -8.659295893174303,
                                    34.84432119338387,
                                    -33.161424003100116,
                                    52.829290219807476,
                                    1.859473049408353,
                                    -2.4301349548738846,
                                    6.315983764045422,
                                    8.02291639668766,
                                    -0.44973793405400636,
                                    15.04215080690812,
                                    8.943335619222445,
                                    3.4483313222840537,
                                    0.2426236880265889,
                                    0.16293613296080744
                                ],
                                [
                                    4.818110156363117,
                                    7.520940323530453,
                                    -34.62233025262293,
                                    26.703077585218423,
                                    -34.70944564194396,
                                    80.65486100716879,
                                    -66.30584779513103,
                                    143.0432436136082,
                                    43.71243379450449,
                                    -62.666880462557806,
                                    9.704059906983536,
                                    6.321423506836373,
                                    21.497124676766934,
                                    -16.491930069701727,
                                    -4.555927271613998,
                                    -5.797904978754509,
                                    8.124494033196589,
                                    -1.5313472263619146,
                                    3.2623168647203484,
                                    -2.526726934178079,
                                    -2.5994123364922124,
                                    -0.2842899540279063,
                                    -0.30024864257003236,
                                    -0.1943859392804298
                                ],
                                [
                                    -1.5117202072271112,
                                    20.20780615528075,
                                    32.751998408267546,
                                    45.37450792018609,
                                    -33.03283176005205,
                                    92.8627078558162,
                                    -128.23586130899238,
                                    43.71243379450449,
                                    162.39895118638285,
                                    -95.96730439636956,
                                    19.39844270865387,
                                    7.375739225959306,
                                    5.540517422963465,
                                    -18.33092924520378,
                                    -19.05942828066202,
                                    15.86250007796533,
                                    -3.219432682424829,
                                    -4.939863734102539,
                                    7.313257918501157,
                                    -8.666432640799398,
                                    -0.8314550551047092,
                                    -2.0812875458559095,
                                    0.3172005549592012,
                                    0.07299619274901366
                                ],
                                [
                                    1.5009968087257664,
                                    -28.544414848733247,
                                    -13.048488523809217,
                                    -54.47670688081243,
                                    38.94079264669897,
                                    -103.79970891836052,
                                    122.35664970764333,
                                    -62.666880462557806,
                                    -95.96730439636956,
                                    181.72283590863427,
                                    -34.220787681810954,
                                    3.2386272998774928,
                                    -19.67465078758465,
                                    26.44189084329747,
                                    11.117708333446496,
                                    -23.59808735146247,
                                    -6.690931443722762,
                                    0.8605214949949367,
                                    -8.98509188739332,
                                    6.002942811146281,
                                    3.5141691104852217,
                                    2.9493855680992453,
                                    -0.019409595083419297,
                                    -0.23972071652928242
                                ],
                                [
                                    -3.6032931190207655,
                                    -2.8326767065373044,
                                    4.048313975192496,
                                    0.9548179363636178,
                                    8.064281965451013,
                                    48.53779305296872,
                                    -8.659295893174303,
                                    9.704059906983536,
                                    19.39844270865387,
                                    -34.220787681810954,
                                    91.62259372580539,
                                    -12.667734897847279,
                                    13.207461087087331,
                                    4.61818462590703,
                                    -1.9121634701913404,
                                    16.9500139580221,
                                    -11.413501966725683,
                                    -6.2855758714871195,
                                    -3.6872723073411278,
                                    -5.111836501446785,
                                    -1.0585584691460774,
                                    -2.5174973946198143,
                                    -0.8669260707500582,
                                    0.5419379717606567
                                ],
                                [
                                    1.669814863793962,
                                    -38.35450546751603,
                                    -11.387343009176647,
                                    16.99001302049059,
                                    18.45655649335681,
                                    -52.133416057297396,
                                    34.84432119338387,
                                    6.321423506836373,
                                    7.375739225959306,
                                    3.2386272998774928,
                                    -12.667734897847279,
                                    91.13948526886523,
                                    -16.72925423225925,
                                    11.766571487510038,
                                    -5.510978976366243,
                                    3.1406644768334377,
                                    5.206300207771023,
                                    -1.0538185704515624,
                                    3.393925960585793,
                                    -1.2348229767568741,
                                    1.5024294196907029,
                                    -1.1431035704792851,
                                    -0.3023405047706807,
                                    0.4215087736502801
                                ],
                                [
                                    0.4422393010307284,
                                    24.89557450425262,
                                    7.0571476069282175,
                                    -6.294602049940648,
                                    -5.6892810689089215,
                                    46.43624040083262,
                                    -33.161424003100116,
                                    21.497124676766934,
                                    5.540517422963465,
                                    -19.67465078758465,
                                    13.207461087087331,
                                    -16.72925423225925,
                                    64.58319528521,
                                    -19.959674197347336,
                                    5.513544020622315,
                                    10.208749735630445,
                                    4.402016147190151,
                                    2.110311578670425,
                                    -2.1984899877756394,
                                    -2.668357170484058,
                                    -5.275888855463799,
                                    -1.824961901239069,
                                    -0.7683868449887236,
                                    0.24359407277018838
                                ],
                                [
                                    -4.325208341910032,
                                    -43.627088427576275,
                                    -21.76871803738318,
                                    4.933993165462018,
                                    19.64026572849757,
                                    -22.0423285673214,
                                    52.829290219807476,
                                    -16.491930069701727,
                                    -18.33092924520378,
                                    26.44189084329747,
                                    4.61818462590703,
                                    11.766571487510038,
                                    -19.959674197347336,
                                    68.85890533344312,
                                    -5.427361657491958,
                                    -5.60155535141505,
                                    -4.901888379930435,
                                    -3.551588999368551,
                                    -0.2596520184344523,
                                    2.2709556919593807,
                                    3.8807561962511086,
                                    1.205860859068208,
                                    0.6544043401574272,
                                    -0.10036378276206312
                                ],
                                [
                                    3.6053612991582673,
                                    23.340022549896688,
                                    1.328479323094306,
                                    -16.855780560591903,
                                    9.381842786056033,
                                    -10.422582240429568,
                                    1.859473049408353,
                                    -4.555927271613998,
                                    -19.05942828066202,
                                    11.117708333446496,
                                    -1.9121634701913404,
                                    -5.510978976366243,
                                    5.513544020622315,
                                    -5.427361657491958,
                                    59.47241191087468,
                                    -3.5463928715807,
                                    1.7351928290293048,
                                    5.030362194350594,
                                    0.13177689282491506,
                                    1.1678485845993043,
                                    -1.3571064484867712,
                                    -0.3570350731064173,
                                    -0.6696359260930255,
                                    0.18441378121418545
                                ],
                                [
                                    -1.59644767917544,
                                    7.133455843413094,
                                    9.071715469699315,
                                    -0.854770125298226,
                                    3.5286231074192775,
                                    13.469647006667522,
                                    -2.4301349548738846,
                                    -5.797904978754509,
                                    15.86250007796533,
                                    -23.59808735146247,
                                    16.9500139580221,
                                    3.1406644768334377,
                                    10.208749735630445,
                                    -5.60155535141505,
                                    -3.5463928715807,
                                    39.206312571768194,
                                    1.5174649822062645,
                                    3.1823164657697047,
                                    2.6221151023255485,
                                    -1.6632137331652466,
                                    -0.20230165083377358,
                                    -1.9939508088810776,
                                    -0.25021739728667564,
                                    0.2889700938734797
                                ],
                                [
                                    2.4113673773003717,
                                    3.993916877524739,
                                    -6.0834627646376,
                                    9.33796420325979,
                                    -6.481038706238382,
                                    -4.692019204171591,
                                    6.315983764045422,
                                    8.124494033196589,
                                    -3.219432682424829,
                                    -6.690931443722762,
                                    -11.413501966725683,
                                    5.206300207771023,
                                    4.402016147190151,
                                    -4.901888379930435,
                                    1.7351928290293048,
                                    1.5174649822062645,
                                    26.868788677628725,
                                    7.873538730983218,
                                    3.9322914797929993,
                                    2.6935531875170775,
                                    -0.8160097552075748,
                                    -0.0018975321494250652,
                                    -0.13346700761846608,
                                    0.005551819017222438
                                ],
                                [
                                    0.8641320453326542,
                                    8.217114534648267,
                                    -4.426772709635573,
                                    -6.2015568417721045,
                                    -1.6699422192154014,
                                    -2.30170828468979,
                                    8.02291639668766,
                                    -1.5313472263619146,
                                    -4.939863734102539,
                                    0.8605214949949367,
                                    -6.2855758714871195,
                                    -1.0538185704515624,
                                    2.110311578670425,
                                    -3.551588999368551,
                                    5.030362194350594,
                                    3.1823164657697047,
                                    7.873538730983218,
                                    20.393770395949144,
                                    6.551592609120699,
                                    1.6804823828992432,
                                    0.569270404619834,
                                    -0.5797404887687062,
                                    -0.3890185148878563,
                                    0.05042672322814882
                                ],
                                [
                                    0.5871532350299798,
                                    -0.3310490140013223,
                                    -4.304829330453206,
                                    4.9322849904335175,
                                    -1.6611721174709395,
                                    1.9043808600125567,
                                    -0.44973793405400636,
                                    3.2623168647203484,
                                    7.313257918501157,
                                    -8.98509188739332,
                                    -3.6872723073411278,
                                    3.393925960585793,
                                    -2.1984899877756394,
                                    -0.2596520184344523,
                                    0.13177689282491506,
                                    2.6221151023255485,
                                    3.9322914797929993,
                                    6.551592609120699,
                                    11.05693166982139,
                                    2.215336530445157,
                                    0.9916283340660876,
                                    -0.11364503088606001,
                                    -0.09352298517994993,
                                    0.044205293959427704
                                ],
                                [
                                    0.9263218878359916,
                                    -7.513087529324387,
                                    -8.65317246362589,
                                    1.0038867272555314,
                                    1.4803564779765381,
                                    -8.219383828254191,
                                    15.04215080690812,
                                    -2.526726934178079,
                                    -8.666432640799398,
                                    6.002942811146281,
                                    -5.111836501446785,
                                    -1.2348229767568741,
                                    -2.668357170484058,
                                    2.2709556919593807,
                                    1.1678485845993043,
                                    -1.6632137331652466,
                                    2.6935531875170775,
                                    1.6804823828992432,
                                    2.215336530445157,
                                    7.938865154853484,
                                    1.9604800695574074,
                                    1.1170250361768694,
                                    0.13095277329248908,
                                    -0.07546365202758101
                                ],
                                [
                                    -0.1945510744821754,
                                    -6.547255166930094,
                                    -2.862495051707791,
                                    1.6640509752823074,
                                    3.3529589329425438,
                                    -5.7431703028282435,
                                    8.943335619222445,
                                    -2.5994123364922124,
                                    -0.8314550551047092,
                                    3.5141691104852217,
                                    -1.0585584691460774,
                                    1.5024294196907029,
                                    -5.275888855463799,
                                    3.8807561962511086,
                                    -1.3571064484867712,
                                    -0.20230165083377358,
                                    -0.8160097552075748,
                                    0.569270404619834,
                                    0.9916283340660876,
                                    1.9604800695574074,
                                    3.3520190353565713,
                                    0.749034046996054,
                                    0.1396378040167587,
                                    -0.009192525715793654
                                ],
                                [
                                    -0.4045096250940389,
                                    -3.98413270300932,
                                    -1.8100717457826667,
                                    0.8765294774476188,
                                    0.2552907884106524,
                                    -1.1771997991000485,
                                    3.4483313222840537,
                                    -0.2842899540279063,
                                    -2.0812875458559095,
                                    2.9493855680992453,
                                    -2.5174973946198143,
                                    -1.1431035704792851,
                                    -1.824961901239069,
                                    1.205860859068208,
                                    -0.3570350731064173,
                                    -1.9939508088810776,
                                    -0.0018975321494250652,
                                    -0.5797404887687062,
                                    -0.11364503088606001,
                                    1.1170250361768694,
                                    0.749034046996054,
                                    1.4361628975989884,
                                    0.2705293325759585,
                                    -0.10500818219631759
                                ],
                                [
                                    -0.26367335567230815,
                                    -0.8431278935647616,
                                    0.20105154626228858,
                                    1.325209022972503,
                                    -0.19963468573438523,
                                    0.3724635279680714,
                                    0.2426236880265889,
                                    -0.30024864257003236,
                                    0.3172005549592012,
                                    -0.019409595083419297,
                                    -0.8669260707500582,
                                    -0.3023405047706807,
                                    -0.7683868449887236,
                                    0.6544043401574272,
                                    -0.6696359260930255,
                                    -0.25021739728667564,
                                    -0.13346700761846608,
                                    -0.3890185148878563,
                                    -0.09352298517994993,
                                    0.13095277329248908,
                                    0.1396378040167587,
                                    0.2705293325759585,
                                    0.24747721977535314,
                                    -0.06378519847930147
                                ],
                                [
                                    0.0986722234124043,
                                    0.24292938905986014,
                                    0.1622329549889823,
                                    -0.24825285567177363,
                                    0.16659415170440584,
                                    -0.9989801112357667,
                                    0.16293613296080744,
                                    -0.1943859392804298,
                                    0.07299619274901366,
                                    -0.23972071652928242,
                                    0.5419379717606567,
                                    0.4215087736502801,
                                    0.24359407277018838,
                                    -0.10036378276206312,
                                    0.18441378121418545,
                                    0.2889700938734797,
                                    0.005551819017222438,
                                    0.05042672322814882,
                                    0.044205293959427704,
                                    -0.07546365202758101,
                                    -0.009192525715793654,
                                    -0.10500818219631759,
                                    -0.06378519847930147,
                                    0.06788926776873073
                                ]
                            ]
                        ],
                        "frozen" : false
                    },
                    {
                        "class" : "Distribution",
                        "name" : "MultivariateGaussianDistribution",
                        "parameters" : [
                            [
                                15.073167287239512,
                                0.6284380715468907,
                                5.818253017534407,
                                -2.126678630558838,
                                -20.622683122674243,
                                -7.198650687436102,
                                -23.93094432011535,
                                0.40052530536571884,
                                -3.3929807820220055,
                                -11.452073088056054,
                                -0.7954150778410783,
                                -13.27739248867567,
                                -1.1465396459627448,
                                -6.041872611442008,
                                -2.138301072990301,
                                -2.4718406543150033,
                                0.7035520347392207,
                                -1.2906156916898084,
                                -1.7340967214633796,
                                -0.34051656706279854,
                                -1.6505919477130049,
                                -0.43080189007312936,
                                -0.22391032446912548,
                                0.08122345564696203
                            ],
                            [
                                [
                                    6.345313265888229,
                                    7.822927744652927,
                                    -3.127612360810785,
                                    -1.0044456517533897,
                                    -8.031067893713201,
                                    -13.051773593623851,
                                    2.3198988226804556,
                                    4.818110156363117,
                                    -1.5117202072271112,
                                    1.5009968087257664,
                                    -3.6032931190207655,
                                    1.669814863793962,
                                    0.4422393010307284,
                                    -4.325208341910032,
                                    3.6053612991582673,
                                    -1.59644767917544,
                                    2.4113673773003717,
                                    0.8641320453326542,
                                    0.5871532350299798,
                                    0.9263218878359916,
                                    -0.1945510744821754,
                                    -0.4045096250940389,
                                    -0.26367335567230815,
                                    0.0986722234124043
                                ],
                                [
                                    7.822927744652927,
                                    156.85250872833834,
                                    46.33568175167926,
                                    -20.917710745669826,
                                    -38.36076212089099,
                                    17.27671081753042,
                                    -103.01878690544525,
                                    7.520940323530453,
                                    20.20780615528075,
                                    -28.544414848733247,
                                    -2.8326767065373044,
                                    -38.35450546751603,
                                    24.89557450425262,
                                    -43.627088427576275,
                                    23.340022549896688,
                                    7.133455843413094,
