{
    "class" : "HiddenMarkovModel",
    "name" : "None",
    "start" : {
        "class" : "State",
        "distribution" : null,
        "name" : "None-start",
        "weight" : 1.0
    },
    "end" : {
        "class" : "State",
        "distribution" : null,
        "name" : "None-end",
        "weight" : 1.0
    },
    "states" : [
        {
            "class" : "State",
            "distribution" : {
                "class" : "GeneralMixtureModel",
                "distributions" : [
                    {
                        "class" : "Distribution",
                        "name" : "MultivariateGaussianDistribution",
                        "parameters" : [
                            [
                                14.270398197409122,
                                -20.313404356393384,
                                -10.01777927742231,
                                -4.786135240534106,
                                -9.361927314662974,
                                2.09800495504427,
                                -9.498229874929399,
                                3.903221479497194,
                                -5.902215484307916,
                                -4.209784307839341,
                                -2.0063014336719944,
                                -0.6375307289800576,
                                -2.7117768445897963,
                                -2.002931192090243,
                                -2.0266801161170993,
                                1.2183302218819052,
                                -0.4826940717614148,
                                -0.6494005641407806,
                                -0.8623430941562354,
                                0.4554446367223529,
                                -0.5205446385057576,
                                0.09155087796107193,
                                0.03270161932568083,
                                -0.023986792278487393
                            ],
                            [
                                [
                                    9.370362736819795,
                                    4.298699693439709,
                                    -12.207404669051595,
                                    -6.736722030684376,
                                    -6.287715087748051,
                                    3.1132018067491325,
                                    -5.350734130727747,
                                    3.2918436786587737,
                                    -0.9032907664443837,
                                    -4.928584800046413,
                                    -1.3856647476642707,
                                    3.1881841499469132,
                                    -1.5932998424634308,
                                    1.223475194714434,
                                    -3.4108448933112583,
                                    2.3737042931117425,
                                    -0.856563063809595,
                                    -1.0261769697166108,
                                    0.2741650796568202,
                                    -1.097396297937668,
                                    -0.12799511342662795,
                                    0.15172726929834926,
                                    0.178643540076214,
                                    -0.08700554929177987
                                ],
                                [
                                    4.298699693439709,
                                    143.40226358090266,
                                    -12.764478596913293,
                                    -76.89070204977504,
                                    36.199764341411935,
                                    -9.37286450512588,
                                    -7.076323634222705,
                                    -40.34685762959955,
                                    32.67602352753106,
                                    -68.63407727916008,
                                    -3.810258069768419,
                                    -2.086756142985717,
                                    5.967570661380841,
                                    -3.714226925331936,
                                    -21.998457243487813,
                                    2.1866666907003656,
                                    -7.144465324391688,
                                    -4.383197838408623,
                                    -1.1223199478946344,
                                    -3.5385710880706154,
                                    0.8487600307631217,
                                    0.7717091210296676,
                                    0.5349867132998566,
                                    -0.22324381789448208
                                ],
                                [
                                    -12.207404669051595,
                                    -12.764478596913293,
                                    97.6716732819807,
                                    71.13718809097301,
                                    -8.118282328644607,
                                    19.34008348753888,
                                    -6.006048066060371,
                                    2.812241906703244,
                                    -14.507694755593809,
                                    35.56598864236282,
                                    7.552996914245742,
                                    -3.5393661244209618,
                                    1.2771598729115188,
                                    2.216961905409116,
                                    10.647111568350029,
                                    -12.345744816852456,
                                    -1.8801223167386552,
                                    -2.1061785321522044,
                                    -0.008483443815135735,
                                    2.7956213481003176,
                                    0.007582012839507441,
                                    0.04278480404256509,
                                    -0.445623308095268,
                                    0.3980430446798559
                                ],
                                [
                                    -6.736722030684376,
                                    -76.89070204977504,
                                    71.13718809097301,
                                    169.72621542423303,
                                    -34.743296618830996,
                                    37.0548331566797,
                                    -9.035812479740743,
                                    35.974042559007906,
                                    -40.199476178600186,
                                    63.17297838947102,
                                    15.14433442021859,
                                    6.323033305228436,
                                    -14.706263641612638,
                                    8.671019473542357,
                                    23.322316624820886,
                                    -9.793838494251569,
                                    5.523474727878476,
                                    -2.1271699153862214,
                                    -0.9365792980647358,
                                    4.066286783690947,
                                    -2.5652617723769593,
                                    -0.5529901577996567,
                                    -0.7439490938909615,
                                    0.5019405222966461
                                ],
                                [
                                    -6.287715087748051,
                                    36.199764341411935,
                                    -8.118282328644607,
                                    -34.743296618830996,
                                    118.71211996670814,
                                    -10.630330386755471,
                                    27.611716634375668,
                                    -29.753435376072886,
                                    28.876720927981125,
                                    -20.929897878101773,
                                    -18.228729575154045,
                                    1.1447468308929993,
                                    11.294420624016704,
                                    -6.145807523520385,
                                    -2.096038157246264,
                                    9.132071178479825,
                                    3.746221780732582,
                                    1.0352331031037334,
                                    -4.445069489498788,
                                    -0.04449497256909616,
                                    1.587214648565145,
                                    -0.5789220231965411,
                                    0.42892646516011496,
                                    -0.2292994352043696
                                ],
                                [
                                    3.1132018067491325,
                                    -9.37286450512588,
                                    19.34008348753888,
                                    37.0548331566797,
                                    -10.630330386755471,
                                    116.64186409412737,
                                    -21.344214416066478,
                                    36.874910908714305,
                                    -10.779111949343598,
                                    7.260940817400379,
                                    11.417326200929532,
                                    -11.613111410125171,
                                    -6.256014333883256,
                                    1.9985218380007075,
                                    -5.462603206035989,
                                    -0.47818988392149514,
                                    4.163119472894969,
                                    -2.689991048182484,
                                    -3.416225377312164,
                                    1.3935038035362257,
                                    -1.4418302202183104,
                                    -0.04235536689162264,
                                    -0.26256347943225167,
                                    0.011256838271414831
                                ],
                                [
                                    -5.350734130727747,
                                    -7.076323634222705,
                                    -6.006048066060371,
                                    -9.035812479740743,
                                    27.611716634375668,
                                    -21.344214416066478,
                                    90.42248667203438,
                                    -9.44717748288586,
                                    17.011647478562285,
                                    0.9196162326011951,
                                    -4.6559939064291385,
                                    4.076240087238832,
                                    -0.21648144238500558,
                                    3.9487491731819024,
                                    7.06495788331952,
                                    1.3726619989130382,
                                    2.1333147971596143,
                                    3.034798960473145,
                                    2.1830622166419924,
                                    1.5660012621329478,
                                    0.44440995435299374,
                                    -0.36040979565018794,
                                    -0.07404484815380276,
                                    0.03838304769958222
                                ],
                                [
                                    3.2918436786587737,
                                    -40.34685762959955,
                                    2.812241906703244,
                                    35.974042559007906,
                                    -29.753435376072886,
                                    36.874910908714305,
                                    -9.44717748288586,
                                    83.71148186823285,
                                    -5.123703489994644,
                                    17.91240330773687,
                                    6.711489897445457,
                                    -0.25134991829402575,
                                    0.5879684303909457,
                                    3.307098991421032,
                                    2.8552190896675245,
                                    2.6788426352395094,
                                    2.8812213716879946,
                                    1.5891799705278733,
                                    0.951168480925409,
                                    0.5287738491919524,
                                    -1.4806550711759985,
                                    -0.849425742049272,
                                    -0.3044207418193536,
                                    0.10078037099046011
                                ],
                                [
                                    -0.9032907664443837,
                                    32.67602352753106,
                                    -14.507694755593809,
                                    -40.199476178600186,
                                    28.876720927981125,
                                    -10.779111949343598,
                                    17.011647478562285,
                                    -5.123703489994644,
                                    81.26506271875746,
                                    -28.17588482061655,
                                    1.199821277932833,
                                    3.998469859320397,
                                    2.3200831288077626,
                                    4.342322412336613,
                                    -5.769971399413102,
                                    6.075352745486555,
                                    1.9234084789194024,
                                    -0.3433390332539288,
                                    2.3455747910628424,
                                    -0.7717093687444201,
                                    0.2409463089009628,
                                    0.29819195841194335,
                                    0.21504737325420595,
                                    -0.28804209060075103
                                ],
                                [
                                    -4.928584800046413,
                                    -68.63407727916008,
                                    35.56598864236282,
                                    63.17297838947102,
                                    -20.929897878101773,
                                    7.260940817400379,
                                    0.9196162326011951,
                                    17.91240330773687,
                                    -28.17588482061655,
                                    132.7163229772715,
                                    4.423740464040474,
                                    4.151273955986242,
                                    12.851468063387541,
                                    -4.493952282501202,
                                    18.90719319404719,
                                    -11.67200829901386,
                                    3.717273941121965,
                                    2.5333235960825307,
                                    -2.436280397856004,
                                    3.155647414766094,
                                    2.081995178636365,
                                    0.1351524469110486,
                                    -0.0004923174826216882,
                                    0.32194690001265613
                                ],
                                [
                                    -1.3856647476642707,
                                    -3.810258069768419,
                                    7.552996914245742,
                                    15.14433442021859,
                                    -18.228729575154045,
                                    11.417326200929532,
                                    -4.6559939064291385,
                                    6.711489897445457,
                                    1.199821277932833,
                                    4.423740464040474,
                                    68.75504961635339,
                                    4.6703609631005465,
                                    -4.839484462575199,
                                    5.404092746612075,
                                    1.5617241177480574,
                                    -1.1913853563519985,
                                    -0.9229951896649673,
                                    -0.38036203184008593,
                                    2.397355602043743,
                                    -0.6023482770454258,
                                    -0.2666503322902667,
                                    0.7827932545780525,
                                    -0.10959799727295431,
                                    0.15471809169721198
                                ],
                                [
                                    3.1881841499469132,
                                    -2.086756142985717,
                                    -3.5393661244209618,
                                    6.323033305228436,
                                    1.1447468308929993,
                                    -11.613111410125171,
                                    4.076240087238832,
                                    -0.25134991829402575,
                                    3.998469859320397,
                                    4.151273955986242,
                                    4.6703609631005465,
                                    56.96801599836646,
                                    6.4762034481883575,
                                    4.622450331184079,
                                    0.3304828731056956,
                                    3.360202020426522,
                                    1.4307415862216863,
                                    -0.2942430323300097,
                                    0.13865764848393128,
                                    -0.7894498666949834,
                                    -0.447256102593213,
                                    -0.5773653833181808,
                                    0.18272855836792004,
                                    -0.041578724089210664
                                ],
                                [
                                    -1.5932998424634308,
                                    5.967570661380841,
                                    1.2771598729115188,
                                    -14.706263641612638,
                                    11.294420624016704,
                                    -6.256014333883256,
                                    -0.21648144238500558,
                                    0.5879684303909457,
                                    2.3200831288077626,
                                    12.851468063387541,
                                    -4.839484462575199,
                                    6.4762034481883575,
                                    43.94134292563757,
                                    -0.8825342817380621,
                                    -1.26454989725101,
                                    -0.7642164328911825,
                                    -1.1489364897934409,
                                    2.4567153759885656,
                                    -0.2788670772941805,
                                    -0.23204871992153786,
                                    1.917965729569011,
                                    -0.04736088700984106,
                                    0.1337892578652705,
                                    -0.05971037511334127
                                ],
                                [
                                    1.223475194714434,
                                    -3.714226925331936,
                                    2.216961905409116,
                                    8.671019473542357,
                                    -6.145807523520385,
                                    1.9985218380007075,
                                    3.9487491731819024,
                                    3.307098991421032,
                                    4.342322412336613,
                                    -4.493952282501202,
                                    5.404092746612075,
                                    4.622450331184079,
                                    -0.8825342817380621,
                                    35.44486015904574,
                                    3.0554967331982903,
                                    2.3928421230393027,
                                    1.2565973533263175,
                                    -0.15534484452841718,
                                    1.2364205559776122,
                                    -1.1159604736783473,
                                    -0.6104530350870161,
                                    -0.3044323831195576,
                                    -0.20685991345948182,
                                    -0.016945960447815475
                                ],
                                [
                                    -3.4108448933112583,
                                    -21.998457243487813,
                                    10.647111568350029,
                                    23.322316624820886,
                                    -2.096038157246264,
                                    -5.462603206035989,
                                    7.06495788331952,
                                    2.8552190896675245,
                                    -5.769971399413102,
                                    18.90719319404719,
                                    1.5617241177480574,
                                    0.3304828731056956,
                                    -1.26454989725101,
                                    3.0554967331982903,
                                    32.06114149727251,
                                    2.1671920621972958,
                                    1.994434723708091,
                                    1.0091947655596574,
                                    -0.3335161390487558,
                                    0.650810958476235,
                                    -0.8450646133416294,
                                    -0.3383425176965512,
                                    -0.19142173995291117,
                                    0.20087650459200684
                                ],
                                [
                                    2.3737042931117425,
                                    2.1866666907003656,
                                    -12.345744816852456,
                                    -9.793838494251569,
                                    9.132071178479825,
                                    -0.47818988392149514,
                                    1.3726619989130382,
                                    2.6788426352395094,
                                    6.075352745486555,
                                    -11.67200829901386,
                                    -1.1913853563519985,
                                    3.360202020426522,
                                    -0.7642164328911825,
                                    2.3928421230393027,
                                    2.1671920621972958,
                                    30.36841523123922,
                                    5.389748681072396,
                                    0.9861281673878821,
                                    -1.2553677328385713,
                                    -2.3674862113664767,
                                    -0.7579185605828855,
                                    -0.6811384905714126,
                                    0.07103019266417224,
                                    -0.15419524445480878
                                ],
                                [
                                    -0.856563063809595,
                                    -7.144465324391688,
                                    -1.8801223167386552,
                                    5.523474727878476,
                                    3.746221780732582,
                                    4.163119472894969,
                                    2.1333147971596143,
                                    2.8812213716879946,
                                    1.9234084789194024,
                                    3.717273941121965,
                                    -0.9229951896649673,
                                    1.4307415862216863,
                                    -1.1489364897934409,
                                    1.2565973533263175,
                                    1.994434723708091,
                                    5.389748681072396,
                                    20.183922360276508,
                                    2.396950985324372,
                                    -0.5464531926452899,
                                    0.07230575487248314,
                                    -0.40702766271348334,
                                    -0.42645470279513004,
                                    -0.040239496849634356,
                                    -0.04665534851304698
                                ],
                                [
                                    -1.0261769697166108,
                                    -4.383197838408623,
                                    -2.1061785321522044,
                                    -2.1271699153862214,
                                    1.0352331031037334,
                                    -2.689991048182484,
                                    3.034798960473145,
                                    1.5891799705278733,
                                    -0.3433390332539288,
                                    2.5333235960825307,
                                    -0.38036203184008593,
                                    -0.2942430323300097,
                                    2.4567153759885656,
                                    -0.15534484452841718,
                                    1.0091947655596574,
                                    0.9861281673878821,
                                    2.396950985324372,
                                    11.829972485153736,
                                    1.203969607682105,
                                    0.2375483877095035,
                                    0.08504396218386237,
                                    -0.1991618158075068,
                                    -0.0754200748266878,
                                    -0.017037860552850163
                                ],
                                [
                                    0.2741650796568202,
                                    -1.1223199478946344,
                                    -0.008483443815135735,
                                    -0.9365792980647358,
                                    -4.445069489498788,
                                    -3.416225377312164,
                                    2.1830622166419924,
                                    0.951168480925409,
                                    2.3455747910628424,
                                    -2.436280397856004,
                                    2.397355602043743,
                                    0.13865764848393128,
                                    -0.2788670772941805,
                                    1.2364205559776122,
                                    -0.3335161390487558,
                                    -1.2553677328385713,
                                    -0.5464531926452899,
                                    1.203969607682105,
                                    8.820046817252825,
                                    1.0626230230513825,
                                    0.22232896167377522,
                                    0.0383864073749102,
                                    -0.16070885782672786,
                                    0.04457664014792169
                                ],
                                [
                                    -1.097396297937668,
                                    -3.5385710880706154,
                                    2.7956213481003176,
                                    4.066286783690947,
                                    -0.04449497256909616,
                                    1.3935038035362257,
                                    1.5660012621329478,
                                    0.5287738491919524,
                                    -0.7717093687444201,
                                    3.155647414766094,
                                    -0.6023482770454258,
                                    -0.7894498666949834,
                                    -0.23204871992153786,
                                    -1.1159604736783473,
                                    0.650810958476235,
                                    -2.3674862113664767,
                                    0.07230575487248314,
                                    0.2375483877095035,
                                    1.0626230230513825,
                                    4.6865722781596455,
                                    0.45490777119165693,
                                    0.10613442116879351,
                                    -0.07366042288722013,
                                    0.03792558181683988
                                ],
                                [
                                    -0.12799511342662795,
                                    0.8487600307631217,
                                    0.007582012839507441,
                                    -2.5652617723769593,
                                    1.587214648565145,
                                    -1.4418302202183104,
                                    0.44440995435299374,
                                    -1.4806550711759985,
                                    0.2409463089009628,
                                    2.081995178636365,
                                    -0.2666503322902667,
                                    -0.447256102593213,
                                    1.917965729569011,
                                    -0.6104530350870161,
                                    -0.8450646133416294,
                                    -0.7579185605828855,
                                    -0.40702766271348334,
                                    0.08504396218386237,
                                    0.22232896167377522,
                                    0.45490777119165693,
                                    2.3317023617767636,
                                    0.33446419638037783,
                                    0.016774153474350743,
                                    0.007800935651920135
                                ],
                                [
                                    0.15172726929834926,
                                    0.7717091210296676,
                                    0.04278480404256509,
                                    -0.5529901577996567,
                                    -0.5789220231965411,
                                    -0.04235536689162264,
                                    -0.36040979565018794,
                                    -0.849425742049272,
                                    0.29819195841194335,
                                    0.1351524469110486,
                                    0.7827932545780525,
                                    -0.5773653833181808,
                                    -0.04736088700984106,
                                    -0.3044323831195576,
                                    -0.3383425176965512,
                                    -0.6811384905714126,
                                    -0.42645470279513004,
                                    -0.1991618158075068,
                                    0.0383864073749102,
                                    0.10613442116879351,
                                    0.33446419638037783,
                                    0.760033540529938,
                                    0.04847116755977329,
                                    0.004587248360365421
                                ],
                                [
                                    0.178643540076214,
                                    0.5349867132998566,
                                    -0.445623308095268,
                                    -0.7439490938909615,
                                    0.42892646516011496,
                                    -0.26256347943225167,
                                    -0.07404484815380276,
                                    -0.3044207418193536,
                                    0.21504737325420595,
                                    -0.0004923174826216882,
                                    -0.10959799727295431,
                                    0.18272855836792004,
                                    0.1337892578652705,
                                    -0.20685991345948182,
                                    -0.19142173995291117,
                                    0.07103019266417224,
                                    -0.040239496849634356,
                                    -0.0754200748266878,
                                    -0.16070885782672786,
                                    -0.07366042288722013,
                                    0.016774153474350743,
                                    0.04847116755977329,
                                    0.10185353060607999,
                                    -0.013594658121339273
                                ],
                                [
                                    -0.08700554929177987,
                                    -0.22324381789448208,
                                    0.3980430446798559,
                                    0.5019405222966461,
                                    -0.2292994352043696,
                                    0.011256838271414831,
                                    0.03838304769958222,
                                    0.10078037099046011,
                                    -0.28804209060075103,
                                    0.32194690001265613,
                                    0.15471809169721198,
                                    -0.041578724089210664,
                                    -0.05971037511334127,
                                    -0.016945960447815475,
                                    0.20087650459200684,
                                    -0.15419524445480878,
                                    -0.04665534851304698,
                                    -0.017037860552850163,
                                    0.04457664014792169,
                                    0.03792558181683988,
                                    0.007800935651920135,
                                    0.004587248360365421,
                                    -0.013594658121339273,
                                    0.03541272907866955
                                ]
                            ]
                        ],
                        "frozen" : false
                    },
                    {
                        "class" : "Distribution",
                        "name" : "MultivariateGaussianDistribution",
                        "parameters" : [
                            [
                                14.270398197409122,
                                -20.313404356393384,
                                -10.01777927742231,
                                -4.786135240534106,
                                -9.361927314662974,
                                2.09800495504427,
                                -9.498229874929399,
                                3.903221479497194,
                                -5.902215484307916,
                                -4.209784307839341,
                                -2.0063014336719944,
                                -0.6375307289800576,
                                -2.7117768445897963,
                                -2.002931192090243,
                                -2.0266801161170993,
                                1.2183302218819052,
                                -0.4826940717614148,
                                -0.6494005641407806,
                                -0.8623430941562354,
                                0.4554446367223529,
                                -0.5205446385057576,
                                0.09155087796107193,
                                0.03270161932568083,
                                -0.023986792278487393
                            ],
                            [
                                [
                                    9.370362736819795,
                                    4.298699693439709,
                                    -12.207404669051595,
                                    -6.736722030684376,
                                    -6.287715087748051,
                                    3.1132018067491325,
                                    -5.350734130727747,
                                    3.2918436786587737,
                                    -0.9032907664443837,
                                    -4.928584800046413,
                                    -1.3856647476642707,
                                    3.1881841499469132,
                                    -1.5932998424634308,
                                    1.223475194714434,
                                    -3.4108448933112583,
                                    2.3737042931117425,
                                    -0.856563063809595,
                                    -1.0261769697166108,
                                    0.2741650796568202,
                                    -1.097396297937668,
                                    -0.12799511342662795,
                                    0.15172726929834926,
                                    0.178643540076214,
                                    -0.08700554929177987
                                ],
                                [
                                    4.298699693439709,
                                    143.40226358090266,
                                    -12.764478596913293,
                                    -76.89070204977504,
                                    36.199764341411935,
                                    -9.37286450512588,
                                    -7.076323634222705,
                                    -40.34685762959955,
                                    32.67602352753106,
                                    -68.63407727916008,
                                    -3.810258069768419,
                                    -2.086756142985717,
                                    5.967570661380841,
