{
    "class" : "HiddenMarkovModel",
    "name" : "None",
    "start" : {
        "class" : "State",
        "distribution" : null,
        "name" : "None-start",
        "weight" : 1.0
    },
    "end" : {
        "class" : "State",
        "distribution" : null,
        "name" : "None-end",
        "weight" : 1.0
    },
    "states" : [
        {
            "class" : "State",
            "distribution" : {
                "class" : "GeneralMixtureModel",
                "distributions" : [
                    {
                        "class" : "Distribution",
                        "name" : "MultivariateGaussianDistribution",
                        "parameters" : [
                            [
                                15.842225775869974,
                                -13.961551928706639,
                                1.9060878103103773,
                                -12.784498442201436,
                                -32.166524195070714,
                                1.7291160076018908,
                                0.9351150618980268,
                                -5.125533836295364,
                                -3.532424796009503,
                                -3.617752884863465,
                                -7.254859623320497,
                                -4.837411309257984,
                                0.2806014920280657,
                                -3.4793519554400865,
                                1.4040254130699104,
                                1.4742103672456393,
                                -1.2674257760324674,
                                1.9327543874653554,
                                -1.5079389689489466,
                                0.2269686671694418,
                                -0.4237621803285677,
                                -0.17002152072580098,
                                -0.12254294693734637,
                                0.05416690877601611
                            ],
                            [
                                [
                                    16.663710608388698,
                                    16.325407053333823,
                                    7.674979535224264,
                                    -22.692789886027555,
                                    -46.96183295205989,
                                    1.5025344285883124,
                                    15.854969364074075,
                                    -11.62835166194327,
                                    -1.486812213018077,
                                    1.5741388956503861,
                                    -14.220230158012802,
                                    5.520800477467253,
                                    1.6811015593689884,
                                    -6.595401811914017,
                                    2.8579447931701627,
                                    3.639276213749453,
                                    -2.4996707922470103,
                                    3.392558267755998,
                                    -3.619152614852239,
                                    1.2890199246691636,
                                    -0.34867741213767295,
                                    -0.3409217596262778,
                                    -0.21874783643859624,
                                    0.16043905853138862
                                ],
                                [
                                    16.325407053333823,
                                    77.1749546991509,
                                    17.03647655860193,
                                    -52.096680866875275,
                                    -57.5642923302427,
                                    -13.805965844268268,
                                    2.6335275095545785,
                                    -21.83812908709404,
                                    21.285862073687092,
                                    -5.288127154602408,
                                    12.330028162318166,
                                    -10.922818756374465,
                                    1.284201031656849,
                                    -19.554124672151005,
                                    6.715643278204861,
                                    1.5994322572721271,
                                    -0.47320896203294494,
                                    2.094846055198711,
                                    -5.017813647102972,
                                    0.8622500138391764,
                                    -0.9702197373501199,
                                    -1.3059508701242102,
                                    -0.05890200316943286,
                                    0.2600126334921872
                                ],
                                [
                                    7.674979535224264,
                                    17.03647655860193,
                                    114.58284480425955,
                                    -28.7957378472852,
                                    -74.02374132612188,
                                    6.534224012565576,
                                    -55.73873312032126,
                                    -11.238389314589332,
                                    88.32106746190125,
                                    5.984727546745051,
                                    9.033476162615884,
                                    -16.96955004482272,
                                    -37.27181023427142,
                                    -18.09988446312445,
                                    25.759346076461835,
                                    -23.220714941623985,
                                    9.216350819275325,
                                    1.6059004776881718,
                                    -3.4267654118029007,
                                    7.29226671281753,
                                    -1.2426802559305015,
                                    1.9552826273588837,
                                    0.7779279383935718,
                                    -0.5061335126174887
                                ],
                                [
                                    -22.692789886027555,
                                    -52.096680866875275,
                                    -28.7957378472852,
                                    115.92553895582023,
                                    88.27466197658619,
                                    25.543286541016723,
                                    -0.6067258854916927,
                                    34.281460451050606,
                                    -46.089817227371135,
                                    5.121996339148703,
                                    4.129139873312382,
                                    5.262135389626158,
                                    11.66013150025884,
                                    21.985378855672003,
                                    -16.859077044786822,
                                    3.726666629007831,
                                    -3.808925619943857,
                                    -3.8294027052930932,
                                    9.15455179737775,
                                    -3.4040098995132513,
                                    1.86003186749631,
                                    1.341166085843812,
                                    -0.06566877477676973,
                                    -0.3785238867486662
                                ],
                                [
                                    -46.96183295205989,
                                    -57.5642923302427,
                                    -74.02374132612188,
                                    88.27466197658619,
                                    257.9274884998002,
                                    -25.389737478086726,
                                    2.694639910130139,
                                    24.220750559243044,
                                    -64.54209042154955,
                                    -1.6055760453660894,
                                    37.98217594324683,
                                    25.93762610038653,
                                    7.743317715024356,
                                    39.90478322012087,
                                    -29.154473679597096,
                                    4.099509818448228,
                                    11.104663873419652,
                                    -12.091388670585038,
                                    15.015661509793851,
                                    -7.28331871263595,
                                    1.932924295821454,
                                    0.11063217091942877,
                                    -0.16235642884955553,
                                    0.022097340533840378
                                ],
                                [
                                    1.5025344285883124,
                                    -13.805965844268268,
                                    6.534224012565576,
                                    25.543286541016723,
                                    -25.389737478086726,
                                    102.2037693585902,
                                    -19.24603783175809,
                                    28.129688454052488,
                                    8.051492550315299,
                                    -0.6806429121471961,
                                    25.020138399542066,
                                    -11.273352163272639,
                                    5.783119026048076,
                                    3.8774501084747905,
                                    -4.09621189637081,
                                    9.429625379604278,
                                    -7.132422147221029,
                                    3.402848299383102,
                                    -1.2184361056440767,
                                    -1.9103853551548584,
                                    -0.49922836293340855,
                                    -0.7137808081119016,
                                    0.16051811713903227,
                                    -0.14476860472854983
                                ],
                                [
                                    15.854969364074075,
                                    2.6335275095545785,
                                    -55.73873312032126,
                                    -0.6067258854916927,
                                    2.694639910130139,
                                    -19.24603783175809,
                                    153.12659285402526,
                                    -11.917705288604466,
                                    -68.31331113672728,
                                    14.847316881551942,
                                    -60.532280338447265,
                                    36.85198326542087,
                                    34.45388218509977,
                                    -2.4892859815391333,
                                    -6.456531956768742,
                                    18.054039463085065,
                                    -10.322763381343847,
                                    6.3331965581958505,
                                    -3.24311619801267,
                                    -3.9185886019727745,
                                    2.235335345793303,
                                    -0.5933257065215245,
                                    -0.8161417961334306,
                                    0.43263191739518114
                                ],
                                [
                                    -11.62835166194327,
                                    -21.83812908709404,
                                    -11.238389314589332,
                                    34.281460451050606,
                                    24.220750559243044,
                                    28.129688454052488,
                                    -11.917705288604466,
                                    104.59837042647574,
                                    5.401072736105856,
                                    3.996386284508532,
                                    6.655696213688119,
                                    -2.4538650162503886,
                                    6.689436210907251,
                                    27.29626824122677,
                                    -5.9490766041905,
                                    -2.92940733336517,
                                    -4.67453072033651,
                                    -9.051206059653213,
                                    4.696479222096954,
                                    -1.2783753341844193,
                                    3.085567854786349,
                                    -0.03274880015557398,
                                    0.34327037517373205,
                                    -0.09094216410635356
                                ],
                                [
                                    -1.486812213018077,
                                    21.285862073687092,
                                    88.32106746190125,
                                    -46.089817227371135,
                                    -64.54209042154955,
                                    8.051492550315299,
                                    -68.31331113672728,
                                    5.401072736105856,
                                    196.07751005229514,
                                    10.642056041056037,
                                    40.087348771455936,
                                    -33.86888892938125,
                                    -41.572675960741115,
                                    -8.695945278738549,
                                    38.97266352162767,
                                    -25.377686601687195,
                                    12.392964897345003,
                                    5.548481740627342,
                                    -6.067903511901762,
                                    6.70299102685556,
                                    -3.30575095088172,
                                    0.7757230996165067,
                                    1.1909737806195382,
                                    -0.4378503414304064
                                ],
                                [
                                    1.5741388956503861,
                                    -5.288127154602408,
                                    5.984727546745051,
                                    5.121996339148703,
                                    -1.6055760453660894,
                                    -0.6806429121471961,
                                    14.847316881551942,
                                    3.996386284508532,
                                    10.642056041056037,
                                    86.57519239990751,
                                    5.8327802078973585,
                                    7.921824610057927,
                                    1.1685317744304384,
                                    -17.625561558551126,
                                    1.7066631523418767,
                                    -2.877702268744314,
                                    -7.00694671256191,
                                    1.6761518174135606,
                                    -2.2584822873125425,
                                    -2.6615200157831485,
                                    1.0995343589195479,
                                    0.5370219657517276,
                                    0.1117258122585753,
                                    -0.25838446651081265
                                ],
                                [
                                    -14.220230158012802,
                                    12.330028162318166,
                                    9.033476162615884,
                                    4.129139873312382,
                                    37.98217594324683,
                                    25.020138399542066,
                                    -60.532280338447265,
                                    6.655696213688119,
                                    40.087348771455936,
                                    5.8327802078973585,
                                    149.90221879413266,
                                    -36.07693746596419,
                                    4.148380506319019,
                                    -0.586276748080281,
                                    -21.900548647320583,
                                    14.80240999941857,
                                    0.5594477162002582,
                                    -1.950165707598826,
                                    4.5561931779684715,
                                    -4.635226795762012,
                                    -3.497499647812465,
                                    -1.2061727030351224,
                                    0.021575840776373256,
                                    -0.16915270684345876
                                ],
                                [
                                    5.520800477467253,
                                    -10.922818756374465,
                                    -16.96955004482272,
                                    5.262135389626158,
                                    25.93762610038653,
                                    -11.273352163272639,
                                    36.85198326542087,
                                    -2.4538650162503886,
                                    -33.86888892938125,
                                    7.921824610057927,
                                    -36.07693746596419,
                                    86.14782552206408,
                                    1.5417927154476752,
                                    13.57505991487091,
                                    3.1201527711446957,
                                    -3.424466949676272,
                                    6.92596766649378,
                                    -1.0038597523775017,
                                    2.1494780108927034,
                                    0.043079901207228086,
                                    1.3107424842575692,
                                    -0.8142137065805141,
                                    -0.5234444894415379,
                                    0.3296551558265147
                                ],
                                [
                                    1.6811015593689884,
                                    1.284201031656849,
                                    -37.27181023427142,
                                    11.66013150025884,
                                    7.743317715024356,
                                    5.783119026048076,
                                    34.45388218509977,
                                    6.689436210907251,
                                    -41.572675960741115,
                                    1.1685317744304384,
                                    4.148380506319019,
                                    1.5417927154476752,
                                    65.59384622111929,
                                    1.35577856166598,
                                    -12.142197312907452,
                                    17.539750226053645,
                                    -13.635943965079576,
                                    3.140553313054347,
                                    0.34795750016141275,
                                    -4.848358250381911,
                                    1.4972102927623572,
                                    -0.8459160943215583,
                                    -0.5555194231733854,
                                    0.32351193092844027
                                ],
                                [
                                    -6.595401811914017,
                                    -19.554124672151005,
                                    -18.09988446312445,
                                    21.985378855672003,
                                    39.90478322012087,
                                    3.8774501084747905,
                                    -2.4892859815391333,
                                    27.29626824122677,
                                    -8.695945278738549,
                                    -17.625561558551126,
                                    -0.586276748080281,
                                    13.57505991487091,
                                    1.35577856166598,
                                    68.57923431861227,
                                    -5.171285493903324,
                                    9.764158258001434,
                                    5.995640379500315,
                                    -5.204895700594185,
                                    7.968512128418713,
                                    0.9064071541353486,
                                    0.5715005420892871,
                                    -0.1904198771172685,
                                    -0.39106323823764966,
                                    0.35312193232952765
                                ],
                                [
                                    2.8579447931701627,
                                    6.715643278204861,
                                    25.759346076461835,
                                    -16.859077044786822,
                                    -29.154473679597096,
                                    -4.09621189637081,
                                    -6.456531956768742,
                                    -5.9490766041905,
                                    38.97266352162767,
                                    1.7066631523418767,
                                    -21.900548647320583,
                                    3.1201527711446957,
                                    -12.142197312907452,
                                    -5.171285493903324,
                                    50.988572938606204,
                                    -11.874166641588,
                                    12.021030603988233,
                                    3.454154365929288,
                                    -3.4589655209038948,
                                    4.197780378103982,
                                    -1.027630036830679,
                                    0.3265307398880686,
                                    0.15930080089794194,
                                    -0.09176233403385216
                                ],
                                [
                                    3.639276213749453,
                                    1.5994322572721271,
                                    -23.220714941623985,
                                    3.726666629007831,
                                    4.099509818448228,
                                    9.429625379604278,
                                    18.054039463085065,
                                    -2.92940733336517,
                                    -25.377686601687195,
                                    -2.877702268744314,
                                    14.80240999941857,
                                    -3.424466949676272,
                                    17.539750226053645,
                                    9.764158258001434,
                                    -11.874166641588,
                                    40.44476557464222,
                                    -4.378800613096913,
                                    5.034449199597753,
                                    0.030187678964732054,
                                    -3.508339633545934,
                                    -0.6504482605777393,
                                    -0.7838252516939788,
                                    -0.5848088344630671,
                                    0.22020189271414595
                                ],
                                [
                                    -2.4996707922470103,
                                    -0.47320896203294494,
                                    9.216350819275325,
                                    -3.808925619943857,
                                    11.104663873419652,
                                    -7.132422147221029,
                                    -10.322763381343847,
                                    -4.67453072033651,
                                    12.392964897345003,
                                    -7.00694671256191,
                                    0.5594477162002582,
                                    6.92596766649378,
                                    -13.635943965079576,
                                    5.995640379500315,
                                    12.021030603988233,
                                    -4.378800613096913,
                                    27.947031097770836,
                                    2.1031898836806904,
                                    1.5763471735892942,
                                    2.1622497412006796,
                                    -1.7652091349406325,
                                    0.08150852365387105,
                                    -0.024216177426773247,
                                    -0.02302140973977006
                                ],
                                [
                                    3.392558267755998,
                                    2.094846055198711,
                                    1.6059004776881718,
                                    -3.8294027052930932,
                                    -12.091388670585038,
                                    3.402848299383102,
                                    6.3331965581958505,
                                    -9.051206059653213,
                                    5.548481740627342,
                                    1.6761518174135606,
                                    -1.950165707598826,
                                    -1.0038597523775017,
                                    3.140553313054347,
                                    -5.204895700594185,
                                    3.454154365929288,
                                    5.034449199597753,
                                    2.1031898836806904,
                                    16.543633787942056,
                                    -0.12857290144705677,
                                    0.810057061015384,
                                    -1.1271760976568523,
                                    -0.052385490749379295,
                                    -0.007570989615839505,
                                    -0.07591366751412139
                                ],
                                [
                                    -3.619152614852239,
                                    -5.017813647102972,
                                    -3.4267654118029007,
                                    9.15455179737775,
                                    15.015661509793851,
                                    -1.2184361056440767,
                                    -3.24311619801267,
                                    4.696479222096954,
                                    -6.067903511901762,
                                    -2.2584822873125425,
                                    4.5561931779684715,
                                    2.1494780108927034,
                                    0.34795750016141275,
                                    7.968512128418713,
                                    -3.4589655209038948,
                                    0.030187678964732054,
                                    1.5763471735892942,
                                    -0.12857290144705677,
                                    11.893513415860399,
                                    1.440049095177442,
                                    1.00862182118972,
                                    0.23328148698443715,
                                    -0.060954359955257255,
                                    0.02630091197508172
                                ],
                                [
                                    1.2890199246691636,
                                    0.8622500138391764,
                                    7.29226671281753,
                                    -3.4040098995132513,
                                    -7.28331871263595,
                                    -1.9103853551548584,
                                    -3.9185886019727745,
                                    -1.2783753341844193,
                                    6.70299102685556,
                                    -2.6615200157831485,
                                    -4.635226795762012,
                                    0.043079901207228086,
                                    -4.848358250381911,
                                    0.9064071541353486,
                                    4.197780378103982,
                                    -3.508339633545934,
                                    2.1622497412006796,
                                    0.810057061015384,
                                    1.440049095177442,
                                    5.869264800394087,
                                    0.6465684714735898,
                                    0.5196896169075563,
                                    0.0960914380399663,
                                    -0.0074133026445153795
                                ],
                                [
                                    -0.34867741213767295,
                                    -0.9702197373501199,
                                    -1.2426802559305015,
                                    1.86003186749631,
                                    1.932924295821454,
                                    -0.49922836293340855,
                                    2.235335345793303,
                                    3.085567854786349,
                                    -3.30575095088172,
                                    1.0995343589195479,
                                    -3.497499647812465,
                                    1.3107424842575692,
                                    1.4972102927623572,
                                    0.5715005420892871,
                                    -1.027630036830679,
                                    -0.6504482605777393,
                                    -1.7652091349406325,
                                    -1.1271760976568523,
                                    1.00862182118972,
                                    0.6465684714735898,
                                    2.887595282557338,
                                    0.4182351356970421,
                                    0.0742057360720161,
                                    0.001911530496353982
                                ],
                                [
                                    -0.3409217596262778,
                                    -1.3059508701242102,
                                    1.9552826273588837,
                                    1.341166085843812,
                                    0.11063217091942877,
                                    -0.7137808081119016,
                                    -0.5933257065215245,
                                    -0.03274880015557398,
                                    0.7757230996165067,
                                    0.5370219657517276,
                                    -1.2061727030351224,
                                    -0.8142137065805141,
                                    -0.8459160943215583,
                                    -0.1904198771172685,
                                    0.3265307398880686,
                                    -0.7838252516939788,
                                    0.08150852365387105,
                                    -0.052385490749379295,
                                    0.23328148698443715,
                                    0.5196896169075563,
                                    0.4182351356970421,
                                    0.9398720134623134,
                                    0.10527139446282838,
                                    -0.04282130506487307
                                ],
                                [
                                    -0.21874783643859624,
                                    -0.05890200316943286,
                                    0.7779279383935718,
                                    -0.06566877477676973,
                                    -0.16235642884955553,
                                    0.16051811713903227,
                                    -0.8161417961334306,
                                    0.34327037517373205,
                                    1.1909737806195382,
                                    0.1117258122585753,
                                    0.021575840776373256,
                                    -0.5234444894415379,
                                    -0.5555194231733854,
                                    -0.39106323823764966,
                                    0.15930080089794194,
                                    -0.5848088344630671,
                                    -0.024216177426773247,
                                    -0.007570989615839505,
                                    -0.060954359955257255,
                                    0.0960914380399663,
                                    0.0742057360720161,
                                    0.10527139446282838,
                                    0.13213914107286742,
                                    -0.030308108415280158
                                ],
                                [
                                    0.16043905853138862,
                                    0.2600126334921872,
                                    -0.5061335126174887,
                                    -0.3785238867486662,
                                    0.022097340533840378,
                                    -0.14476860472854983,
                                    0.43263191739518114,
                                    -0.09094216410635356,
                                    -0.4378503414304064,
                                    -0.25838446651081265,
                                    -0.16915270684345876,
                                    0.3296551558265147,
                                    0.32351193092844027,
                                    0.35312193232952765,
                                    -0.09176233403385216,
                                    0.22020189271414595,
                                    -0.02302140973977006,
                                    -0.07591366751412139,
                                    0.02630091197508172,
                                    -0.0074133026445153795,
                                    0.001911530496353982,
                                    -0.04282130506487307,
                                    -0.030308108415280158,
                                    0.04441108051522934
                                ]
                            ]
                        ],
                        "frozen" : false
                    },
                    {
                        "class" : "Distribution",
                        "name" : "MultivariateGaussianDistribution",
                        "parameters" : [
                            [
                                15.842225775869974,
                                -13.961551928706639,
                                1.9060878103103773,
                                -12.784498442201436,
                                -32.166524195070714,
                                1.7291160076018908,
                                0.9351150618980268,
                                -5.125533836295364,
                                -3.532424796009503,
                                -3.617752884863465,
                                -7.254859623320497,
                                -4.837411309257984,
                                0.2806014920280657,
                                -3.4793519554400865,
                                1.4040254130699104,
                                1.4742103672456393,
                                -1.2674257760324674,
                                1.9327543874653554,
                                -1.5079389689489466,
                                0.2269686671694418,
                                -0.4237621803285677,
                                -0.17002152072580098,
                                -0.12254294693734637,
                                0.05416690877601611
                            ],
                            [
                                [
                                    16.663710608388698,
                                    16.325407053333823,
                                    7.674979535224264,
                                    -22.692789886027555,
                                    -46.96183295205989,
                                    1.5025344285883124,
                                    15.854969364074075,
                                    -11.62835166194327,
                                    -1.486812213018077,
                                    1.5741388956503861,
                                    -14.220230158012802,
                                    5.520800477467253,
                                    1.6811015593689884,
                                    -6.595401811914017,
                                    2.8579447931701627,
                                    3.639276213749453,
                                    -2.4996707922470103,
                                    3.392558267755998,
                                    -3.619152614852239,
                                    1.2890199246691636,
                                    -0.34867741213767295,
                                    -0.3409217596262778,
                                    -0.21874783643859624,
                                    0.16043905853138862
                                ],
                                [
                                    16.325407053333823,
                                    77.1749546991509,
                                    17.03647655860193,
                                    -52.096680866875275,
                                    -57.5642923302427,
                                    -13.805965844268268,
                                    2.6335275095545785,
                                    -21.83812908709404,
                                    21.285862073687092,
                                    -5.288127154602408,
                                    12.330028162318166,
                                    -10.922818756374465,
                                    1.284201031656849,
                                    -19.554124672151005,
                                    6.715643278204861,
