{
    "class" : "HiddenMarkovModel",
    "name" : "None",
    "start" : {
        "class" : "State",
        "distribution" : null,
        "name" : "None-start",
        "weight" : 1.0
    },
    "end" : {
        "class" : "State",
        "distribution" : null,
        "name" : "None-end",
        "weight" : 1.0
    },
    "states" : [
        {
            "class" : "State",
            "distribution" : {
                "class" : "GeneralMixtureModel",
                "distributions" : [
                    {
                        "class" : "Distribution",
                        "name" : "MultivariateGaussianDistribution",
                        "parameters" : [
                            [
                                16.077139954688636,
                                -11.326801098203399,
                                -11.735471394497452,
                                -14.196880547473528,
                                -13.440497505244567,
                                2.5237484442112033,
                                -6.714271461066499,
                                -2.430740152828909,
                                -1.0997179202136564,
                                1.1853715445046202,
                                -2.367082736685825,
                                -4.614274668079509,
                                -7.3349234720380885,
                                2.3343617971649513,
                                -0.2873434674605707,
                                1.9931944176096006,
                                0.04614327170881292,
                                -0.31292253906647266,
                                -1.0854477188429572,
                                0.05018242010040725,
                                -0.954402946653352,
                                -0.03664264102311745,
                                -0.05781249614409376,
                                -0.012591040477683472
                            ],
                            [
                                [
                                    11.871050656152894,
                                    50.168068458235076,
                                    -12.43155869540871,
                                    -46.72526197205235,
                                    -10.031430117254564,
                                    3.1931359597989166,
                                    7.088788158184866,
                                    -22.43823993114478,
                                    19.88888323813408,
                                    3.3756695903452987,
                                    4.347914473117723,
                                    -11.744508323440915,
                                    -20.241523042357212,
                                    10.443114039655587,
                                    0.8426616880728841,
                                    6.97835150565496,
                                    -1.4034203055892893,
                                    -1.2446019128560932,
                                    0.5474348754056022,
                                    -1.2938883680091962,
                                    -2.0449434803001236,
                                    -0.2786043933566045,
                                    -0.26728502451876346,
                                    -0.08431189345029225
                                ],
                                [
                                    50.168068458235076,
                                    473.00956307806325,
                                    -48.24445469071048,
                                    -412.0781901642035,
                                    -57.89609225736913,
                                    30.61679651287159,
                                    76.9475618731333,
                                    -199.21002386470903,
                                    168.42604481324415,
                                    2.5585031534125746,
                                    56.72667137366861,
                                    -115.27532480467347,
                                    -155.12941404766207,
                                    69.2017540198958,
                                    2.7387048631234654,
                                    46.46233712117412,
                                    -8.18891888686153,
                                    -6.761181760021941,
                                    4.739125006147926,
                                    -12.107176196578788,
                                    -16.83842376611452,
                                    -1.7401593686539492,
                                    -1.0506322358788238,
                                    -0.3373204505917838
                                ],
                                [
                                    -12.43155869540871,
                                    -48.24445469071048,
                                    62.06099194453927,
                                    52.06595849114981,
                                    2.0057599725302544,
                                    21.706375675656744,
                                    -21.56672578125526,
                                    33.278466528648856,
                                    -20.9937377055777,
                                    -12.813014465936059,
                                    15.013106769102107,
                                    2.9497674905134574,
                                    18.138111301259634,
                                    -17.23343311675766,
                                    -5.148928347803212,
                                    -2.736165134507327,
                                    -0.39606209321857744,
                                    0.03489677139221817,
                                    -2.3449561199310134,
                                    0.973531507601912,
                                    2.1912183018125475,
                                    0.6105136612509935,
                                    0.3281849434877191,
                                    0.11090812833832005
                                ],
                                [
                                    -46.72526197205235,
                                    -412.0781901642035,
                                    52.06595849114981,
                                    445.5056429583136,
                                    61.88813255668908,
                                    -5.979141855811497,
                                    -68.46056881073658,
                                    205.921211246597,
                                    -173.45524874511685,
                                    0.07891531654959746,
                                    -55.54951025751952,
                                    117.00291283841563,
                                    152.08162922025681,
                                    -72.54781022576083,
                                    -1.9931888594633111,
                                    -52.29267473313402,
                                    11.552903652597069,
                                    5.610083121618688,
                                    -3.2444195821496815,
                                    11.98999852223993,
                                    16.115759433849988,
                                    1.9116722107169783,
                                    1.3090635830822153,
                                    0.31628601782681404
                                ],
                                [
                                    -10.031430117254564,
                                    -57.89609225736913,
                                    2.0057599725302544,
                                    61.88813255668908,
                                    78.20280783809302,
                                    -24.99344428318232,
                                    4.962475652603316,
                                    29.97279974670307,
                                    -10.73866632020743,
                                    4.124206617154761,
                                    -20.213222415962356,
                                    15.292763223729459,
                                    32.45186985173227,
                                    -5.167898483983789,
                                    3.0510200965674494,
                                    -5.125353275247047,
                                    0.5002384316240258,
                                    1.8538180563147832,
                                    -0.12232066378594617,
                                    3.1368844127208213,
                                    2.9327581247544994,
                                    0.12369612439867665,
                                    0.15773114835476418,
                                    -0.028035882549335228
                                ],
                                [
                                    3.1931359597989166,
                                    30.61679651287159,
                                    21.706375675656744,
                                    -5.979141855811497,
                                    -24.99344428318232,
                                    103.33905097943469,
                                    -19.124063903855376,
                                    2.1686839441239862,
                                    -8.563573411677323,
                                    -26.37892314948445,
                                    23.202572313800353,
                                    -13.1863670511258,
                                    -17.620030655392668,
                                    8.152126046838516,
                                    -7.6077274571269164,
                                    5.756163936532658,
                                    -0.9759986070055439,
                                    -5.0180192730038335,
                                    1.529397942473822,
                                    0.7537258107254209,
                                    -0.747772799628061,
                                    -0.0067299958948556305,
                                    -0.16356763845558048,
                                    0.12609649828137148
                                ],
                                [
                                    7.088788158184866,
                                    76.9475618731333,
                                    -21.56672578125526,
                                    -68.46056881073658,
                                    4.962475652603316,
                                    -19.124063903855376,
                                    91.49509127815669,
                                    -56.63837459403159,
                                    43.77231207159531,
                                    14.41503389737672,
                                    -6.412355364057498,
                                    -3.97040647548967,
                                    -28.82049294864672,
                                    19.778537701120097,
                                    8.566797931503359,
                                    11.839085209536584,
                                    5.755291082649585,
                                    2.269962940796768,
                                    2.3575781227187473,
                                    -1.7768752444475648,
                                    -3.8945177753387483,
                                    -0.6285111015581308,
                                    -0.1615549908298025,
                                    -0.11117280528172166
                                ],
                                [
                                    -22.43823993114478,
                                    -199.21002386470903,
                                    33.278466528648856,
                                    205.921211246597,
                                    29.97279974670307,
                                    2.1686839441239862,
                                    -56.63837459403159,
                                    181.54351297994484,
                                    -95.18232688102367,
                                    12.014758774747483,
                                    -9.923678050796044,
                                    50.101450367621354,
                                    87.64106834820865,
                                    -58.711962144995454,
                                    1.4372330150132,
                                    -33.727721618712415,
                                    -4.226575996069729,
                                    -1.958628176984885,
                                    -8.340909209888766,
                                    3.7509664512123733,
                                    7.921539701510272,
                                    1.6673248879878724,
                                    1.2606999714014455,
                                    -0.019974220355129663
                                ],
                                [
                                    19.88888323813408,
                                    168.42604481324415,
                                    -20.9937377055777,
                                    -173.45524874511685,
                                    -10.73866632020743,
                                    -8.563573411677323,
                                    43.77231207159531,
                                    -95.18232688102367,
                                    157.17802951527665,
                                    8.80709231540042,
                                    28.371290831300932,
                                    -43.66991376167398,
                                    -69.21293797535246,
                                    42.87525107352022,
                                    -3.119318505523139,
                                    23.046304015005344,
                                    -0.4424672946022782,
                                    -3.648078387451959,
                                    0.5715911482783673,
                                    -7.407409150869013,
                                    -7.483269731526609,
                                    0.5454540908838175,
                                    -0.7175019900911047,
                                    -0.0954431232120724
                                ],
                                [
                                    3.3756695903452987,
                                    2.5585031534125746,
                                    -12.813014465936059,
                                    0.07891531654959746,
                                    4.124206617154761,
                                    -26.37892314948445,
                                    14.41503389737672,
                                    12.014758774747483,
                                    8.80709231540042,
                                    77.24585597718682,
                                    -1.4422398910438552,
                                    1.7066061875004768,
                                    5.500963458563535,
                                    -12.872102368185118,
                                    4.411837615418439,
                                    -8.857413555081134,
                                    0.5715894524513647,
                                    6.864175331175606,
                                    -4.19686564167599,
                                    -3.946244550339154,
                                    -1.1858063372664116,
                                    0.8187515919615246,
                                    0.7438314619271869,
                                    -0.0741193183813505
                                ],
                                [
                                    4.347914473117723,
                                    56.72667137366861,
                                    15.013106769102107,
                                    -55.54951025751952,
                                    -20.213222415962356,
                                    23.202572313800353,
                                    -6.412355364057498,
                                    -9.923678050796044,
                                    28.371290831300932,
                                    -1.4422398910438552,
                                    73.64988717112865,
                                    -22.026369052226265,
                                    -26.307034891117937,
                                    -0.7914808925216368,
                                    -4.454472279735975,
                                    10.108193132017865,
                                    -5.125482572868743,
                                    -5.067277236296913,
                                    -1.472880832302371,
                                    -2.348544155325147,
                                    -2.7265566806326142,
                                    0.39193006238973804,
                                    -0.16184832815926717,
                                    0.06638645698504521
                                ],
                                [
                                    -11.744508323440915,
                                    -115.27532480467347,
                                    2.9497674905134574,
                                    117.00291283841563,
                                    15.292763223729459,
                                    -13.1863670511258,
                                    -3.97040647548967,
                                    50.101450367621354,
                                    -43.66991376167398,
                                    1.7066061875004768,
                                    -22.026369052226265,
                                    81.88106154520972,
                                    46.047726010865816,
                                    -16.11249765149781,
                                    -1.8476581192711903,
                                    -17.549306846749747,
                                    4.152323444091246,
                                    2.5140795668018434,
                                    -0.6047384267071508,
                                    3.4835493175393215,
                                    5.276505177644469,
                                    0.7836866936861647,
                                    0.7628322376498077,
                                    0.1975239906177806
                                ],
                                [
                                    -20.241523042357212,
                                    -155.12941404766207,
                                    18.138111301259634,
                                    152.08162922025681,
                                    32.45186985173227,
                                    -17.620030655392668,
                                    -28.82049294864672,
                                    87.64106834820865,
                                    -69.21293797535246,
                                    5.500963458563535,
                                    -26.307034891117937,
                                    46.047726010865816,
                                    99.90653079838705,
                                    -30.648089766359316,
                                    3.714721161005581,
                                    -25.302491398758264,
                                    1.2417800538345927,
                                    2.811886893700302,
                                    -2.800048680810616,
                                    4.1467400832182015,
                                    6.675464172771539,
                                    0.5725660928176272,
                                    0.6413586667182125,
                                    0.09292038908728358
                                ],
                                [
                                    10.443114039655587,
                                    69.2017540198958,
                                    -17.23343311675766,
                                    -72.54781022576083,
                                    -5.167898483983789,
                                    8.152126046838516,
                                    19.778537701120097,
                                    -58.711962144995454,
                                    42.87525107352022,
                                    -12.872102368185118,
                                    -0.7914808925216368,
                                    -16.11249765149781,
                                    -30.648089766359316,
                                    60.97450418450027,
                                    1.23329705026921,
                                    16.09202643740518,
                                    -0.17058929176771245,
                                    -2.9839294303014245,
                                    5.994608689183125,
                                    -0.18252336239198103,
                                    -2.7962065839387065,
                                    -0.9492907558899989,
                                    -0.7582849565588096,
                                    -0.023809911145401815
                                ],
                                [
                                    0.8426616880728841,
                                    2.7387048631234654,
                                    -5.148928347803212,
                                    -1.9931888594633111,
                                    3.0510200965674494,
                                    -7.6077274571269164,
                                    8.566797931503359,
                                    1.4372330150132,
                                    -3.119318505523139,
                                    4.411837615418439,
                                    -4.454472279735975,
                                    -1.8476581192711903,
                                    3.714721161005581,
                                    1.23329705026921,
                                    27.091538797194847,
                                    1.7772624703377287,
                                    0.9486371063489057,
                                    0.4379404133875473,
                                    0.8088055916375834,
                                    1.487980177797416,
                                    -0.6007080058130246,
                                    -0.831073755089504,
                                    -0.1817738858993507,
                                    -0.1004679036834268
                                ],
                                [
                                    6.97835150565496,
                                    46.46233712117412,
                                    -2.736165134507327,
                                    -52.29267473313402,
                                    -5.125353275247047,
                                    5.756163936532658,
                                    11.839085209536584,
                                    -33.727721618712415,
                                    23.046304015005344,
                                    -8.857413555081134,
                                    10.108193132017865,
                                    -17.549306846749747,
                                    -25.302491398758264,
                                    16.09202643740518,
                                    1.7772624703377287,
                                    35.03675171642624,
                                    1.5792901081062285,
                                    -1.012826780552585,
                                    2.1066244907070097,
                                    0.06378594221696052,
                                    -1.5105517682560896,
                                    -1.044480408221157,
                                    -0.731399007272995,
                                    -0.07504440486386518
                                ],
                                [
                                    -1.4034203055892893,
                                    -8.18891888686153,
                                    -0.39606209321857744,
                                    11.552903652597069,
                                    0.5002384316240258,
                                    -0.9759986070055439,
                                    5.755291082649585,
                                    -4.226575996069729,
                                    -0.4424672946022782,
                                    0.5715894524513647,
                                    -5.125482572868743,
                                    4.152323444091246,
                                    1.2417800538345927,
                                    -0.17058929176771245,
                                    0.9486371063489057,
                                    1.5792901081062285,
                                    16.650472017197476,
                                    3.8914819224008275,
                                    0.3691479177022637,
                                    -0.18662915928744042,
                                    0.07475337917069282,
                                    0.17873682495245136,
                                    -0.007367613920773912,
                                    0.0798857685535823
                                ],
                                [
                                    -1.2446019128560932,
                                    -6.761181760021941,
                                    0.03489677139221817,
                                    5.610083121618688,
                                    1.8538180563147832,
                                    -5.0180192730038335,
                                    2.269962940796768,
                                    -1.958628176984885,
                                    -3.648078387451959,
                                    6.864175331175606,
                                    -5.067277236296913,
                                    2.5140795668018434,
                                    2.811886893700302,
                                    -2.9839294303014245,
                                    0.4379404133875473,
                                    -1.012826780552585,
                                    3.8914819224008275,
                                    11.456786173704325,
                                    0.2452986841299596,
                                    -0.43318856936785555,
                                    -0.17712121885342583,
                                    0.14343852785711733,
                                    0.06928467486518224,
                                    0.06059592179550776
                                ],
                                [
                                    0.5474348754056022,
                                    4.739125006147926,
                                    -2.3449561199310134,
                                    -3.2444195821496815,
                                    -0.12232066378594617,
                                    1.529397942473822,
                                    2.3575781227187473,
                                    -8.340909209888766,
                                    0.5715911482783673,
                                    -4.19686564167599,
                                    -1.472880832302371,
                                    -0.6047384267071508,
                                    -2.800048680810616,
                                    5.994608689183125,
                                    0.8088055916375834,
                                    2.1066244907070097,
                                    0.3691479177022637,
                                    0.2452986841299596,
                                    7.116613017950473,
                                    1.0890232164369693,
                                    -0.29066436332084594,
                                    -0.41169982418238854,
                                    -0.10096921709463612,
                                    -0.01255379664143038
                                ],
                                [
                                    -1.2938883680091962,
                                    -12.107176196578788,
                                    0.973531507601912,
                                    11.98999852223993,
                                    3.1368844127208213,
                                    0.7537258107254209,
                                    -1.7768752444475648,
                                    3.7509664512123733,
                                    -7.407409150869013,
                                    -3.946244550339154,
                                    -2.348544155325147,
                                    3.4835493175393215,
                                    4.1467400832182015,
                                    -0.18252336239198103,
                                    1.487980177797416,
                                    0.06378594221696052,
                                    -0.18662915928744042,
                                    -0.43318856936785555,
                                    1.0890232164369693,
                                    4.462397715629082,
                                    1.0788434937369848,
                                    -0.15216920593671185,
                                    -0.052173383341691804,
                                    0.014463208329646005
                                ],
                                [
                                    -2.0449434803001236,
                                    -16.83842376611452,
                                    2.1912183018125475,
                                    16.115759433849988,
                                    2.9327581247544994,
                                    -0.747772799628061,
                                    -3.8945177753387483,
                                    7.921539701510272,
                                    -7.483269731526609,
                                    -1.1858063372664116,
                                    -2.7265566806326142,
                                    5.276505177644469,
                                    6.675464172771539,
                                    -2.7962065839387065,
                                    -0.6007080058130246,
                                    -1.5105517682560896,
                                    0.07475337917069282,
                                    -0.17712121885342583,
                                    -0.29066436332084594,
                                    1.0788434937369848,
                                    2.7508549707920174,
                                    0.42062121898616484,
                                    0.04478586334429547,
                                    0.025171440056829433
                                ],
                                [
                                    -0.2786043933566045,
                                    -1.7401593686539492,
                                    0.6105136612509935,
                                    1.9116722107169783,
                                    0.12369612439867665,
                                    -0.0067299958948556305,
                                    -0.6285111015581308,
                                    1.6673248879878724,
                                    0.5454540908838175,
                                    0.8187515919615246,
                                    0.39193006238973804,
                                    0.7836866936861647,
                                    0.5725660928176272,
                                    -0.9492907558899989,
                                    -0.831073755089504,
                                    -1.044480408221157,
                                    0.17873682495245136,
                                    0.14343852785711733,
                                    -0.41169982418238854,
                                    -0.15216920593671185,
                                    0.42062121898616484,
                                    0.9121526049963196,
                                    0.08209583313955829,
                                    0.030662848418051808
                                ],
                                [
                                    -0.26728502451876346,
                                    -1.0506322358788238,
                                    0.3281849434877191,
                                    1.3090635830822153,
                                    0.15773114835476418,
                                    -0.16356763845558048,
                                    -0.1615549908298025,
                                    1.2606999714014455,
                                    -0.7175019900911047,
                                    0.7438314619271869,
                                    -0.16184832815926717,
                                    0.7628322376498077,
                                    0.6413586667182125,
                                    -0.7582849565588096,
                                    -0.1817738858993507,
                                    -0.731399007272995,
                                    -0.007367613920773912,
                                    0.06928467486518224,
                                    -0.10096921709463612,
                                    -0.052173383341691804,
                                    0.04478586334429547,
                                    0.08209583313955829,
                                    0.12353290335110231,
                                    -0.006964671090405131
                                ],
                                [
                                    -0.08431189345029225,
                                    -0.3373204505917838,
                                    0.11090812833832005,
                                    0.31628601782681404,
                                    -0.028035882549335228,
                                    0.12609649828137148,
                                    -0.11117280528172166,
                                    -0.019974220355129663,
                                    -0.0954431232120724,
                                    -0.0741193183813505,
                                    0.06638645698504521,
                                    0.1975239906177806,
                                    0.09292038908728358,
                                    -0.023809911145401815,
                                    -0.1004679036834268,
                                    -0.07504440486386518,
                                    0.0798857685535823,
                                    0.06059592179550776,
                                    -0.01255379664143038,
                                    0.014463208329646005,
                                    0.025171440056829433,
                                    0.030662848418051808,
                                    -0.006964671090405131,
                                    0.02948448763110698
                                ]
                            ]
                        ],
                        "frozen" : false
                    },
                    {
                        "class" : "Distribution",
                        "name" : "MultivariateGaussianDistribution",
                        "parameters" : [
                            [
                                16.077139954688636,
                                -11.326801098203399,
                                -11.735471394497452,
                                -14.196880547473528,
                                -13.440497505244567,
                                2.5237484442112033,
                                -6.714271461066499,
                                -2.430740152828909,
                                -1.0997179202136564,
                                1.1853715445046202,
                                -2.367082736685825,
                                -4.614274668079509,
                                -7.3349234720380885,
                                2.3343617971649513,
                                -0.2873434674605707,
                                1.9931944176096006,
                                0.04614327170881292,
                                -0.31292253906647266,
                                -1.0854477188429572,
                                0.05018242010040725,
                                -0.954402946653352,
                                -0.03664264102311745,
                                -0.05781249614409376,
                                -0.012591040477683472
                            ],
                            [
                                [
                                    11.871050656152894,
                                    50.168068458235076,
                                    -12.43155869540871,
                                    -46.72526197205235,
                                    -10.031430117254564,
                                    3.1931359597989166,
                                    7.088788158184866,
                                    -22.43823993114478,
                                    19.88888323813408,
                                    3.3756695903452987,
                                    4.347914473117723,
                                    -11.744508323440915,
                                    -20.241523042357212,
                                    10.443114039655587,
                                    0.8426616880728841,
                                    6.97835150565496,
                                    -1.4034203055892893,
                                    -1.2446019128560932,
                                    0.5474348754056022,
                                    -1.2938883680091962,
                                    -2.0449434803001236,
                                    -0.2786043933566045,
                                    -0.26728502451876346,
                                    -0.08431189345029225
                                ],
                                [
                                    50.168068458235076,
                                    473.00956307806325,
                                    -48.24445469071048,
                                    -412.0781901642035,
                                    -57.89609225736913,
                                    30.61679651287159,
                                    76.9475618731333,
                                    -199.21002386470903,
                                    168.42604481324415,
                                    2.5585031534125746,
                                    56.72667137366861,
                                    -115.27532480467347,
                                    -155.12941404766207,
                                    69.2017540198958,
