{
    "class" : "HiddenMarkovModel",
    "name" : "None",
    "start" : {
        "class" : "State",
        "distribution" : null,
        "name" : "None-start",
        "weight" : 1.0
    },
    "end" : {
        "class" : "State",
        "distribution" : null,
        "name" : "None-end",
        "weight" : 1.0
    },
    "states" : [
        {
            "class" : "State",
            "distribution" : {
                "class" : "GeneralMixtureModel",
                "distributions" : [
                    {
                        "class" : "Distribution",
                        "name" : "MultivariateGaussianDistribution",
                        "parameters" : [
                            [
                                13.402180008312264,
                                -18.611530627958086,
                                1.4820431249684596,
                                -8.599630779257254,
                                -26.041760684066258,
                                1.6515030419563226,
                                -1.6543565784865868,
                                -3.720103486737093,
                                -3.0646947789327132,
                                -2.613273317320885,
                                -6.988053459891042,
                                -5.565146543896859,
                                -1.351266126187107,
                                -4.539991768522574,
                                1.1467688444444035,
                                -0.04380496452166547,
                                -0.37644805814832966,
                                1.6319291776276768,
                                -0.7560020920876511,
                                0.37947500205770907,
                                -0.2069551304201668,
                                0.11953026118519937,
                                0.0009526826173678119,
                                -0.016048966513771426
                            ],
                            [
                                [
                                    13.442322597592597,
                                    4.228756657532226,
                                    13.636296580633834,
                                    -11.087595292419845,
                                    -41.41146626075508,
                                    0.5638988088389876,
                                    14.198821088445396,
                                    -8.418130045914767,
                                    -2.2999850748141997,
                                    4.244555386429874,
                                    -21.32141085250679,
                                    2.8080225323349497,
                                    -4.627421538041858,
                                    -8.937100739856792,
                                    3.0565412969381853,
                                    -3.4192005877069107,
                                    -1.6995700523101214,
                                    3.3989340105707293,
                                    -0.7260300117647134,
                                    3.23972459146653,
                                    1.033465661453625,
                                    0.8599289165611664,
                                    0.1152019046449101,
                                    -0.07866329632810849
                                ],
                                [
                                    4.228756657532226,
                                    67.96132641470193,
                                    6.379076267645066,
                                    -29.522416185220536,
                                    -25.63805031948208,
                                    -22.90961252622114,
                                    -3.2039458506965666,
                                    -13.099741387370834,
                                    12.920258576220045,
                                    -1.3169315943294895,
                                    9.129819943947941,
                                    -12.224149782991956,
                                    -1.2482291689372598,
                                    -23.508793534533602,
                                    0.2557140047397966,
                                    -8.036282547687447,
                                    -3.1783524014742706,
                                    -1.237094409004181,
                                    0.714305630603095,
                                    3.389886517859724,
                                    1.4123291629686656,
                                    -0.25350135751806663,
                                    0.5502331068416149,
                                    -0.07782854967591657
                                ],
                                [
                                    13.636296580633834,
                                    6.379076267645066,
                                    99.42998844685931,
                                    -19.568964377865317,
                                    -75.38465633023779,
                                    5.350799430711992,
                                    -21.982054588326708,
                                    -5.351162352490535,
                                    38.73369856666412,
                                    -4.407784339116285,
                                    -30.242649896197477,
                                    9.463442327171883,
                                    -25.891439035059463,
                                    -18.819868281191685,
                                    18.094305008753572,
                                    -26.4859506112871,
                                    4.204053122951163,
                                    -1.0090656440905823,
                                    -0.13320291959590166,
                                    7.752667602850893,
                                    1.087889065168241,
                                    1.8255713218648946,
                                    0.6151216871252801,
                                    -0.45929313219818557
                                ],
                                [
                                    -11.087595292419845,
                                    -29.522416185220536,
                                    -19.568964377865317,
                                    102.14446308348333,
                                    66.66438639272201,
                                    35.35380007017827,
                                    -0.08308370320070661,
                                    23.158389836149073,
                                    -41.59000187148275,
                                    11.458615180726508,
                                    22.33345283855003,
                                    9.873529284463537,
                                    18.776375061182282,
                                    24.131994786244466,
                                    -18.776816043316316,
                                    15.944521483116624,
                                    -7.583875234686394,
                                    -3.2633834048167114,
                                    1.019832212971288,
                                    -8.42068513143206,
                                    -0.3683589461433498,
                                    -0.3700577565653672,
                                    -0.800044146979173,
                                    0.07061146761794534
                                ],
                                [
                                    -41.41146626075508,
                                    -25.63805031948208,
                                    -75.38465633023779,
                                    66.66438639272201,
                                    269.7549774873963,
                                    -27.601987891683706,
                                    -13.979027279190445,
                                    0.9743623070026088,
                                    -46.65303822294377,
                                    -6.236460069206478,
                                    70.92613921325223,
                                    31.613065403500546,
                                    12.711041151690878,
                                    56.21724770796851,
                                    -17.197163602231928,
                                    23.366050599195088,
                                    18.60206850289108,
                                    -10.964482873011612,
                                    6.5082912562788335,
                                    -12.778371640536246,
                                    -3.754361533960448,
                                    -3.7320559754091045,
                                    -1.1582423932223953,
                                    0.665143561331731
                                ],
                                [
                                    0.5638988088389876,
                                    -22.90961252622114,
                                    5.350799430711992,
                                    35.35380007017827,
                                    -27.601987891683706,
                                    124.71265579292066,
                                    -13.431629693049349,
                                    44.75730148797372,
                                    12.960043209118783,
                                    -6.1865634711636,
                                    40.808165500777726,
                                    -21.226105505018644,
                                    14.44296454746186,
                                    7.641790318634683,
                                    -14.615637156334577,
                                    12.00309915601508,
                                    -16.09758604221573,
                                    0.971254908589449,
                                    -1.9081593029893167,
                                    -5.589212147869201,
                                    -0.9068352411922893,
                                    -1.7592617961966215,
                                    0.1889459107978572,
                                    -0.14725445631907363
                                ],
                                [
                                    14.198821088445396,
                                    -3.2039458506965666,
                                    -21.982054588326708,
                                    -0.08308370320070661,
                                    -13.979027279190445,
                                    -13.431629693049349,
                                    132.6105962724179,
                                    -21.37074067398596,
                                    -18.982844787414795,
                                    35.138589042299486,
                                    -61.91921764639162,
                                    19.126010599215746,
                                    12.788353924098473,
                                    -9.775126094619278,
                                    12.886510316548652,
                                    6.508452555630842,
                                    -1.1739719927494725,
                                    12.331625999233072,
                                    -6.960583300230095,
                                    -0.2486805058772988,
                                    1.1485553137500226,
                                    1.4024230909588071,
                                    -0.39916126900090115,
                                    0.031255217304099046
                                ],
                                [
                                    -8.418130045914767,
                                    -13.099741387370834,
                                    -5.351162352490535,
                                    23.158389836149073,
                                    0.9743623070026088,
                                    44.75730148797372,
                                    -21.37074067398596,
                                    108.21631451693601,
                                    27.081793111274653,
                                    5.2291147169341485,
                                    48.768941989337364,
                                    -24.656678889726635,
                                    10.436721767340783,
                                    21.941434223181954,
                                    -16.203777538821974,
                                    8.564845798395934,
                                    -6.009749629813189,
                                    -6.880350832138846,
                                    3.2379820190314326,
                                    -3.737863984629565,
                                    -0.3995881268607175,
                                    -1.1555925627143018,
                                    -0.02553256921127603,
                                    -0.03798666576726977
                                ],
                                [
                                    -2.2999850748141997,
                                    12.920258576220045,
                                    38.73369856666412,
                                    -41.59000187148275,
                                    -46.65303822294377,
                                    12.960043209118783,
                                    -18.982844787414795,
                                    27.081793111274653,
                                    154.8643552254544,
                                    2.025710551841396,
                                    12.951175741906148,
                                    -12.297031804667325,
                                    -26.92075336188038,
                                    -5.572223294390005,
                                    26.249119060066768,
                                    -22.56469920270096,
                                    7.384034831671508,
                                    0.9906616030166028,
                                    -1.3183001549886249,
                                    5.305763912993371,
                                    -2.487345954995668,
                                    -0.0027805993639221436,
                                    0.9045448114634456,
                                    -0.25205911641182743
                                ],
                                [
                                    4.244555386429874,
                                    -1.3169315943294895,
                                    -4.407784339116285,
                                    11.458615180726508,
                                    -6.236460069206478,
                                    -6.1865634711636,
                                    35.138589042299486,
                                    5.2291147169341485,
                                    2.025710551841396,
                                    79.78121486579523,
                                    -11.307500153075448,
                                    15.955554064767128,
                                    5.27050331644095,
                                    -11.990042443584603,
                                    10.384275371430627,
                                    4.467473747121504,
                                    -2.607065983715083,
                                    6.575828535647346,
                                    -5.112577305648672,
                                    -1.430206265162325,
                                    0.4316172430558942,
                                    0.9567258595957606,
                                    -0.11511577737057221,
                                    -0.1540406647064571
                                ],
                                [
                                    -21.32141085250679,
                                    9.129819943947941,
                                    -30.242649896197477,
                                    22.33345283855003,
                                    70.92613921325223,
                                    40.808165500777726,
                                    -61.91921764639162,
                                    48.768941989337364,
                                    12.951175741906148,
                                    -11.307500153075448,
                                    167.5344937633494,
                                    -21.404916203034087,
                                    27.949598809690745,
                                    27.315233934739215,
                                    -39.9693311908275,
                                    26.994017291323335,
                                    -8.743837632755275,
                                    -10.929007138040342,
                                    5.32927188427669,
                                    -9.822884697566098,
                                    -3.0057559379504126,
                                    -3.4026382864956832,
                                    -0.2119598912989656,
                                    0.03779576598081205
                                ],
                                [
                                    2.8080225323349497,
                                    -12.224149782991956,
                                    9.463442327171883,
                                    9.873529284463537,
                                    31.613065403500546,
                                    -21.226105505018644,
                                    19.126010599215746,
                                    -24.656678889726635,
                                    -12.297031804667325,
                                    15.955554064767128,
                                    -21.404916203034087,
                                    85.84563202485485,
                                    -12.304490024421321,
                                    9.54410457281372,
                                    17.25129403294109,
                                    -5.83520325222768,
                                    17.446172076675012,
                                    3.905552652267247,
                                    2.0646851297713487,
                                    2.0495463747137967,
                                    -0.6206257794351956,
                                    0.6005104062951295,
                                    -0.27914450106183497,
                                    0.024295950692574408
                                ],
                                [
                                    -4.627421538041858,
                                    -1.2482291689372598,
                                    -25.891439035059463,
                                    18.776375061182282,
                                    12.711041151690878,
                                    14.44296454746186,
                                    12.788353924098473,
                                    10.436721767340783,
                                    -26.92075336188038,
                                    5.27050331644095,
                                    27.949598809690745,
                                    -12.304490024421321,
                                    68.75828187103569,
                                    4.700579470708252,
                                    -10.795581200107316,
                                    21.67336620481422,
                                    -12.817712430147678,
                                    3.907719904480146,
                                    0.5440073339779768,
                                    -4.321681628550383,
                                    0.4907323310702134,
                                    -0.4888657227760458,
                                    -0.5659027773528156,
                                    0.16188969686278065
                                ],
                                [
                                    -8.937100739856792,
                                    -23.508793534533602,
                                    -18.819868281191685,
                                    24.131994786244466,
                                    56.21724770796851,
                                    7.641790318634683,
                                    -9.775126094619278,
                                    21.941434223181954,
                                    -5.572223294390005,
                                    -11.990042443584603,
                                    27.315233934739215,
                                    9.54410457281372,
                                    4.700579470708252,
                                    71.79535573399568,
                                    -8.140104593165264,
                                    11.973964176890878,
                                    10.109862727840005,
                                    -3.8001445860597776,
                                    10.798876799074952,
                                    -1.5929491753762979,
                                    -1.5223385194739747,
                                    -1.2289726029038688,
                                    -0.7445803803275488,
                                    0.4292091381624047
                                ],
                                [
                                    3.0565412969381853,
                                    0.2557140047397966,
                                    18.094305008753572,
                                    -18.776816043316316,
                                    -17.197163602231928,
                                    -14.615637156334577,
                                    12.886510316548652,
                                    -16.203777538821974,
                                    26.249119060066768,
                                    10.384275371430627,
                                    -39.9693311908275,
                                    17.25129403294109,
                                    -10.795581200107316,
                                    -8.140104593165264,
                                    54.515658140993224,
                                    -13.919750210107148,
                                    13.527100117368542,
                                    6.165079052545938,
                                    -0.9481000407701506,
                                    4.331194664286945,
                                    -0.5444474199128616,
                                    0.5524343478721105,
                                    0.24851765733519088,
                                    0.0015861947453750275
                                ],
                                [
                                    -3.4192005877069107,
                                    -8.036282547687447,
                                    -26.4859506112871,
                                    15.944521483116624,
                                    23.366050599195088,
                                    12.00309915601508,
                                    6.508452555630842,
                                    8.564845798395934,
                                    -22.56469920270096,
                                    4.467473747121504,
                                    26.994017291323335,
                                    -5.83520325222768,
                                    21.67336620481422,
                                    11.973964176890878,
                                    -13.919750210107148,
                                    41.76794543855125,
                                    -5.252001805770944,
                                    3.2475985248567802,
                                    1.4984910624017087,
                                    -5.944916359456969,
                                    -0.694958175469493,
                                    -1.0966423535209755,
                                    -0.5124193950346695,
                                    0.19275827233044798
                                ],
                                [
                                    -1.6995700523101214,
                                    -3.1783524014742706,
                                    4.204053122951163,
                                    -7.583875234686394,
                                    18.60206850289108,
                                    -16.09758604221573,
                                    -1.1739719927494725,
                                    -6.009749629813189,
                                    7.384034831671508,
                                    -2.607065983715083,
                                    -8.743837632755275,
                                    17.446172076675012,
                                    -12.817712430147678,
                                    10.109862727840005,
                                    13.527100117368542,
                                    -5.252001805770944,
                                    33.26219338751624,
                                    1.990296242659067,
                                    3.0685269978846104,
                                    1.9350965866695606,
                                    -1.2860843175574797,
                                    -0.5195221036835642,
                                    -0.16783848161967216,
                                    0.0877348879005604
                                ],
                                [
                                    3.3989340105707293,
                                    -1.237094409004181,
                                    -1.0090656440905823,
                                    -3.2633834048167114,
                                    -10.964482873011612,
                                    0.971254908589449,
                                    12.331625999233072,
                                    -6.880350832138846,
                                    0.9906616030166028,
                                    6.575828535647346,
                                    -10.929007138040342,
                                    3.905552652267247,
                                    3.907719904480146,
                                    -3.8001445860597776,
                                    6.165079052545938,
                                    3.2475985248567802,
                                    1.990296242659067,
                                    17.485503811616198,
                                    1.2336487216065506,
                                    1.13919142932354,
                                    -0.12145751352147054,
                                    0.013669397286607042,
                                    -0.12273717658486588,
                                    0.02625976387570584
                                ],
                                [
                                    -0.7260300117647134,
                                    0.714305630603095,
                                    -0.13320291959590166,
                                    1.019832212971288,
                                    6.5082912562788335,
                                    -1.9081593029893167,
                                    -6.960583300230095,
                                    3.2379820190314326,
                                    -1.3183001549886249,
                                    -5.112577305648672,
                                    5.32927188427669,
                                    2.0646851297713487,
                                    0.5440073339779768,
                                    10.798876799074952,
                                    -0.9481000407701506,
                                    1.4984910624017087,
                                    3.0685269978846104,
                                    1.2336487216065506,
                                    14.370133096390067,
                                    2.5406435061515626,
                                    0.6803386538401938,
                                    -0.06491145296718588,
                                    -0.3081886436917233,
                                    0.24129830561794147
                                ],
                                [
                                    3.23972459146653,
                                    3.389886517859724,
                                    7.752667602850893,
                                    -8.42068513143206,
                                    -12.778371640536246,
                                    -5.589212147869201,
                                    -0.2486805058772988,
                                    -3.737863984629565,
                                    5.305763912993371,
                                    -1.430206265162325,
                                    -9.822884697566098,
                                    2.0495463747137967,
                                    -4.321681628550383,
                                    -1.5929491753762979,
                                    4.331194664286945,
                                    -5.944916359456969,
                                    1.9350965866695606,
                                    1.13919142932354,
                                    2.5406435061515626,
                                    7.300332604336453,
                                    1.4017245419107807,
                                    0.454851767842321,
                                    0.04489393368077459,
                                    0.057894741762547254
                                ],
                                [
                                    1.033465661453625,
                                    1.4123291629686656,
                                    1.087889065168241,
                                    -0.3683589461433498,
                                    -3.754361533960448,
                                    -0.9068352411922893,
                                    1.1485553137500226,
                                    -0.3995881268607175,
                                    -2.487345954995668,
                                    0.4316172430558942,
                                    -3.0057559379504126,
                                    -0.6206257794351956,
                                    0.4907323310702134,
                                    -1.5223385194739747,
                                    -0.5444474199128616,
                                    -0.694958175469493,
                                    -1.2860843175574797,
                                    -0.12145751352147054,
                                    0.6803386538401938,
                                    1.4017245419107807,
                                    2.9414936057822425,
                                    0.5785443966977227,
                                    0.026651314112224798,
                                    0.013169907915524574
                                ],
                                [
                                    0.8599289165611664,
                                    -0.25350135751806663,
                                    1.8255713218648946,
                                    -0.3700577565653672,
                                    -3.7320559754091045,
                                    -1.7592617961966215,
                                    1.4024230909588071,
                                    -1.1555925627143018,
                                    -0.0027805993639221436,
                                    0.9567258595957606,
                                    -3.4026382864956832,
                                    0.6005104062951295,
                                    -0.4888657227760458,
                                    -1.2289726029038688,
                                    0.5524343478721105,
                                    -1.0966423535209755,
                                    -0.5195221036835642,
                                    0.013669397286607042,
                                    -0.06491145296718588,
                                    0.454851767842321,
                                    0.5785443966977227,
                                    1.0378170440905263,
                                    0.07688276765111876,
                                    -0.009505217066272121
                                ],
                                [
                                    0.1152019046449101,
                                    0.5502331068416149,
                                    0.6151216871252801,
                                    -0.800044146979173,
                                    -1.1582423932223953,
                                    0.1889459107978572,
                                    -0.39916126900090115,
                                    -0.02553256921127603,
                                    0.9045448114634456,
                                    -0.11511577737057221,
                                    -0.2119598912989656,
                                    -0.27914450106183497,
                                    -0.5659027773528156,
                                    -0.7445803803275488,
                                    0.24851765733519088,
                                    -0.5124193950346695,
                                    -0.16783848161967216,
                                    -0.12273717658486588,
                                    -0.3081886436917233,
                                    0.04489393368077459,
                                    0.026651314112224798,
                                    0.07688276765111876,
                                    0.13405107214650278,
                                    -0.026221962636850022
                                ],
                                [
                                    -0.07866329632810849,
                                    -0.07782854967591657,
                                    -0.45929313219818557,
                                    0.07061146761794534,
                                    0.665143561331731,
                                    -0.14725445631907363,
                                    0.031255217304099046,
                                    -0.03798666576726977,
                                    -0.25205911641182743,
                                    -0.1540406647064571,
                                    0.03779576598081205,
                                    0.024295950692574408,
                                    0.16188969686278065,
                                    0.4292091381624047,
                                    0.0015861947453750275,
                                    0.19275827233044798,
                                    0.0877348879005604,
                                    0.02625976387570584,
                                    0.24129830561794147,
                                    0.057894741762547254,
                                    0.013169907915524574,
                                    -0.009505217066272121,
                                    -0.026221962636850022,
                                    0.04085071768074392
                                ]
                            ]
                        ],
                        "frozen" : false
                    },
                    {
                        "class" : "Distribution",
                        "name" : "MultivariateGaussianDistribution",
                        "parameters" : [
                            [
                                13.402180008312264,
                                -18.611530627958086,
                                1.4820431249684596,
                                -8.599630779257254,
                                -26.041760684066258,
                                1.6515030419563226,
                                -1.6543565784865868,
                                -3.720103486737093,
                                -3.0646947789327132,
                                -2.613273317320885,
                                -6.988053459891042,
                                -5.565146543896859,
                                -1.351266126187107,
                                -4.539991768522574,
                                1.1467688444444035,
                                -0.04380496452166547,
                                -0.37644805814832966,
                                1.6319291776276768,
                                -0.7560020920876511,
                                0.37947500205770907,
                                -0.2069551304201668,
                                0.11953026118519937,
                                0.0009526826173678119,
                                -0.016048966513771426
                            ],
                            [
                                [
                                    13.442322597592597,
                                    4.228756657532226,
                                    13.636296580633834,
                                    -11.087595292419845,
                                    -41.41146626075508,
                                    0.5638988088389876,
                                    14.198821088445396,
                                    -8.418130045914767,
                                    -2.2999850748141997,
                                    4.244555386429874,
                                    -21.32141085250679,
                                    2.8080225323349497,
                                    -4.627421538041858,
                                    -8.937100739856792,
                                    3.0565412969381853,
                                    -3.4192005877069107,
                                    -1.6995700523101214,
                                    3.3989340105707293,
                                    -0.7260300117647134,
                                    3.23972459146653,
                                    1.033465661453625,
                                    0.8599289165611664,
                                    0.1152019046449101,
                                    -0.07866329632810849
                                ],
                                [
                                    4.228756657532226,
                                    67.96132641470193,
                                    6.379076267645066,
                                    -29.522416185220536,
                                    -25.63805031948208,
                                    -22.90961252622114,
                                    -3.2039458506965666,
                                    -13.099741387370834,
                                    12.920258576220045,
                                    -1.3169315943294895,
                                    9.129819943947941,
                                    -12.224149782991956,
                                    -1.2482291689372598,
                                    -23.508793534533602,
