{
    "class" : "HiddenMarkovModel",
    "name" : "None",
    "start" : {
        "class" : "State",
        "distribution" : null,
        "name" : "None-start",
        "weight" : 1.0
    },
    "end" : {
        "class" : "State",
        "distribution" : null,
        "name" : "None-end",
        "weight" : 1.0
    },
    "states" : [
        {
            "class" : "State",
            "distribution" : {
                "class" : "GeneralMixtureModel",
                "distributions" : [
                    {
                        "class" : "Distribution",
                        "name" : "MultivariateGaussianDistribution",
                        "parameters" : [
                            [
                                14.211695855776725,
                                -22.802799438438612,
                                -4.362320302412494,
                                -3.712735738249109,
                                -12.643118265994824,
                                -3.8763349551090385,
                                -3.456756697534997,
                                5.6406543130348075,
                                -6.399327301224047,
                                0.13671307687222317,
                                1.8970236644764191,
                                -7.038706345387613,
                                -2.972201542890734,
                                -0.8431355343051159,
                                -0.7061774949093901,
                                2.1283539891427186,
                                -0.23997502412704114,
                                -0.3957140505097669,
                                -0.4216570788064179,
                                0.36040908774433794,
                                -0.5451113532899257,
                                0.2329313168780093,
                                0.12656889665105225,
                                0.02673879381628844
                            ],
                            [
                                [
                                    9.345582117516575,
                                    -2.340749561021698,
                                    5.430235121469431,
                                    -3.928994587869087,
                                    -8.177634139933168,
                                    -1.197840730353164,
                                    -0.36070444976650684,
                                    4.901044645564643,
                                    -8.115553107745287,
                                    6.944956151150909,
                                    -3.5147435748014817,
                                    -3.6014655116725716,
                                    -2.308281513392328,
                                    5.322754599713726,
                                    -3.370163384745676,
                                    0.9765872041661638,
                                    -2.47827138030407,
                                    0.9785987632972412,
                                    -0.8814818740817864,
                                    0.33282432046613025,
                                    0.2809718155647919,
                                    0.47185201120090037,
                                    0.2112175258732794,
                                    -0.013461928990344043
                                ],
                                [
                                    -2.340749561021698,
                                    70.24360076472733,
                                    6.900555620844514,
                                    -0.7803234821151507,
                                    -9.820583644071998,
                                    -0.5934980737386837,
                                    -25.51816103436575,
                                    -12.914580512424397,
                                    -7.335074472332907,
                                    -16.896471873582076,
                                    16.29278429400838,
                                    -17.100831682840276,
                                    -3.1604101736484704,
                                    -12.51327965748414,
                                    -10.076960816702675,
                                    -3.1334471757758817,
                                    -1.1127873520150922,
                                    -4.5543427226703415,
                                    -1.021442226594548,
                                    -1.0727381949078931,
                                    0.17218943196641764,
                                    0.2819020689606394,
                                    0.07594385586584075,
                                    -0.29411401243630425
                                ],
                                [
                                    5.430235121469431,
                                    6.900555620844514,
                                    67.45596887886002,
                                    2.4531373871324544,
                                    0.9044406297286428,
                                    12.277931262014523,
                                    -10.195157668630648,
                                    0.28483040324476994,
                                    1.8645981249086865,
                                    0.24164922578512849,
                                    6.513816714985578,
                                    -0.7650231790342042,
                                    -1.201139582276662,
                                    8.427549154459617,
                                    -13.785931226306127,
                                    1.7624606222965564,
                                    -1.3098542822969843,
                                    -0.008777735346155176,
                                    -0.01301909215712265,
                                    1.6170653614109944,
                                    1.4730933492863236,
                                    0.4006700319130557,
                                    0.20576526998751377,
                                    -0.07181479350628386
                                ],
                                [
                                    -3.928994587869087,
                                    -0.7803234821151507,
                                    2.4531373871324544,
                                    76.68192491474971,
                                    8.401278192866144,
                                    27.486548809149085,
                                    8.560433841779428,
                                    10.262536737246386,
                                    -19.733961866987194,
                                    -8.079974123844982,
                                    8.806108458489133,
                                    17.56752118689335,
                                    -6.466753344862732,
                                    9.726416185849372,
                                    2.2054530100273504,
                                    -1.9552693470656604,
                                    6.321499543811336,
                                    -6.500706241486862,
                                    0.2825531617710702,
                                    1.1377596409517685,
                                    -1.850754704119881,
                                    -0.3955186316527059,
                                    0.009073130739131212,
                                    0.09452957716600695
                                ],
                                [
                                    -8.177634139933168,
                                    -9.820583644071998,
                                    0.9044406297286428,
                                    8.401278192866144,
                                    105.480695000673,
                                    -16.37243918514384,
                                    40.569259791006345,
                                    6.516119344022332,
                                    28.401789667633615,
                                    -8.001969887138186,
                                    -6.276508607099683,
                                    24.85942841945335,
                                    -0.022648146035289262,
                                    7.748615832320348,
                                    9.444999514073894,
                                    0.412858533352607,
                                    5.778175816476684,
                                    -2.4282275300965637,
                                    2.9150819253308704,
                                    1.0845002005482824,
                                    1.3808283907187975,
                                    0.14350634627713216,
                                    -0.09948609590870315,
                                    0.11805549971100605
                                ],
                                [
                                    -1.197840730353164,
                                    -0.5934980737386837,
                                    12.277931262014523,
                                    27.486548809149085,
                                    -16.37243918514384,
                                    168.33824468247943,
                                    -43.51853447957331,
                                    28.03762712497917,
                                    -17.29399760821345,
                                    -24.969054361427446,
                                    31.585126639921853,
                                    4.098155908713959,
                                    -6.06046741757151,
                                    17.37015339550542,
                                    -5.151989732069488,
                                    1.8808158107259452,
                                    0.5785449685605195,
                                    -9.86196972552599,
                                    1.7509238757115066,
                                    -0.15550471725607418,
                                    -3.123964816277737,
                                    -2.20804321722848,
                                    -0.5220289248412401,
                                    0.14161175923904232
                                ],
                                [
                                    -0.36070444976650684,
                                    -25.51816103436575,
                                    -10.195157668630648,
                                    8.560433841779428,
                                    40.569259791006345,
                                    -43.51853447957331,
                                    133.91985116798043,
                                    -5.687251727822225,
                                    22.531607047079,
                                    27.40366807663534,
                                    -8.59691451885291,
                                    1.7245356103860325,
                                    6.518720350288253,
                                    19.38039038252197,
                                    9.660480837847265,
                                    8.294299134626051,
                                    4.5155650049856355,
                                    2.769600408622428,
                                    1.4127876429570236,
                                    1.9908256463052925,
                                    -0.18360446818010198,
                                    0.8363063481291524,
                                    0.37608287893182396,
                                    0.14556371820854397
                                ],
                                [
                                    4.901044645564643,
                                    -12.914580512424397,
                                    0.28483040324476994,
                                    10.262536737246386,
                                    6.516119344022332,
                                    28.03762712497917,
                                    -5.687251727822225,
                                    81.63690541461597,
                                    -5.240050072042634,
                                    -2.8277432869293655,
                                    11.597565714827525,
                                    10.583303747662255,
                                    -13.029985281636433,
                                    10.695520016619618,
                                    2.1488107496151536,
                                    3.3386879166322974,
                                    0.12613286026323056,
                                    -4.642317014906293,
                                    2.3713208127722885,
                                    0.11221861620988975,
                                    0.9420597692122208,
                                    -0.4437929311265479,
                                    0.01843844960045622,
                                    0.0492187304167656
                                ],
                                [
                                    -8.115553107745287,
                                    -7.335074472332907,
                                    1.8645981249086865,
                                    -19.733961866987194,
                                    28.401789667633615,
                                    -17.29399760821345,
                                    22.531607047079,
                                    -5.240050072042634,
                                    88.09312147717169,
                                    0.40265268375254226,
                                    -1.9293299031263116,
                                    16.145904163110256,
                                    1.782706264689513,
                                    -7.775239902121705,
                                    5.583566123438559,
                                    1.150010432575666,
                                    1.8177488558002923,
                                    0.8561316141687892,
                                    2.800415153140326,
                                    -0.33552234700858247,
                                    1.518544339125175,
                                    0.3959695941470403,
                                    0.046694956024870664,
                                    -0.07929250986857922
                                ],
                                [
                                    6.944956151150909,
                                    -16.896471873582076,
                                    0.24164922578512849,
                                    -8.079974123844982,
                                    -8.001969887138186,
                                    -24.969054361427446,
                                    27.40366807663534,
                                    -2.8277432869293655,
                                    0.40265268375254226,
                                    88.95603172194713,
                                    -15.96777292442674,
                                    -1.3094355835972193,
                                    17.614055368520116,
                                    -1.6969920536309806,
                                    2.2442644872887176,
                                    0.33124497919797447,
                                    -1.7184501481359813,
                                    5.562015647663297,
                                    -1.2752377973431812,
                                    0.513078067230417,
                                    0.33643293925037693,
                                    0.6039224272997691,
                                    0.40232562584517384,
                                    0.1830493851131684
                                ],
                                [
                                    -3.5147435748014817,
                                    16.29278429400838,
                                    6.513816714985578,
                                    8.806108458489133,
                                    -6.276508607099683,
                                    31.585126639921853,
                                    -8.59691451885291,
                                    11.597565714827525,
                                    -1.9293299031263116,
                                    -15.96777292442674,
                                    89.57484210122264,
                                    -14.083263761601643,
                                    -0.4348656062545418,
                                    5.992335168374039,
                                    -6.08367461534264,
                                    2.112394317532007,
                                    1.100093611574651,
                                    -5.235262145401469,
                                    2.8865725578722694,
                                    -0.07425154463282331,
                                    0.13736468502004773,
                                    -0.2644505573223171,
                                    -0.32572221701743015,
                                    -0.08440520046841296
                                ],
                                [
                                    -3.6014655116725716,
                                    -17.100831682840276,
                                    -0.7650231790342042,
                                    17.56752118689335,
                                    24.85942841945335,
                                    4.098155908713959,
                                    1.7245356103860325,
                                    10.583303747662255,
                                    16.145904163110256,
                                    -1.3094355835972193,
                                    -14.083263761601643,
                                    88.90073794255264,
                                    -11.302120272947988,
                                    8.335690572623793,
                                    5.16211526994766,
                                    -0.2180260309606739,
                                    5.006775314546916,
                                    -1.5596844346660845,
                                    -0.5350331312144466,
                                    1.284148519763069,
                                    0.13129243036494784,
                                    -0.44493672315168875,
                                    -0.0046852256412683755,
                                    0.07896509792393501
                                ],
                                [
                                    -2.308281513392328,
                                    -3.1604101736484704,
                                    -1.201139582276662,
                                    -6.466753344862732,
                                    -0.022648146035289262,
                                    -6.06046741757151,
                                    6.518720350288253,
                                    -13.029985281636433,
                                    1.782706264689513,
                                    17.614055368520116,
                                    -0.4348656062545418,
                                    -11.302120272947988,
                                    70.61656917559043,
                                    -14.48337613548944,
                                    7.248378451339262,
                                    -0.2794538852082563,
                                    -0.8476693098079853,
                                    4.855729079981681,
                                    0.6679571133205151,
                                    0.2495544379324819,
                                    -0.755155958189151,
                                    -0.2072571911544018,
                                    -0.2330991355736539,
                                    0.06882916690854833
                                ],
                                [
                                    5.322754599713726,
                                    -12.51327965748414,
                                    8.427549154459617,
                                    9.726416185849372,
                                    7.748615832320348,
                                    17.37015339550542,
                                    19.38039038252197,
                                    10.695520016619618,
                                    -7.775239902121705,
                                    -1.6969920536309806,
                                    5.992335168374039,
                                    8.335690572623793,
                                    -14.48337613548944,
                                    61.322118092336076,
                                    -2.2614965661191926,
                                    4.241560462332921,
                                    4.225483685803673,
                                    -3.9658160233726147,
                                    1.4812942859478468,
                                    1.6614271392917113,
                                    -0.8151456492255182,
                                    0.08899234438651839,
                                    -0.029494839369582974,
                                    0.13334893710038645
                                ],
                                [
                                    -3.370163384745676,
                                    -10.076960816702675,
                                    -13.785931226306127,
                                    2.2054530100273504,
                                    9.444999514073894,
                                    -5.151989732069488,
                                    9.660480837847265,
                                    2.1488107496151536,
                                    5.583566123438559,
                                    2.2442644872887176,
                                    -6.08367461534264,
                                    5.16211526994766,
                                    7.248378451339262,
                                    -2.2614965661191926,
                                    39.89464493536293,
                                    -0.23778978110706842,
                                    2.354069132252405,
                                    1.3849483879506976,
                                    0.9814392425525705,
                                    -0.5075090128463281,
                                    -0.30483725063361033,
                                    -0.0740422114174426,
                                    0.0031569076314795384,
                                    0.10822531746849251
                                ],
                                [
                                    0.9765872041661638,
                                    -3.1334471757758817,
                                    1.7624606222965564,
                                    -1.9552693470656604,
                                    0.412858533352607,
                                    1.8808158107259452,
                                    8.294299134626051,
                                    3.3386879166322974,
                                    1.150010432575666,
                                    0.33124497919797447,
                                    2.112394317532007,
                                    -0.2180260309606739,
                                    -0.2794538852082563,
                                    4.241560462332921,
                                    -0.23778978110706842,
                                    27.323427513641814,
                                    1.469172501731684,
                                    0.24914672881123637,
                                    0.3150499911631597,
                                    0.46512455416504767,
                                    -0.34606986684699814,
                                    -0.09976465804305325,
                                    -0.04062076953375948,
                                    0.042962621500303874
                                ],
                                [
                                    -2.47827138030407,
                                    -1.1127873520150922,
                                    -1.3098542822969843,
                                    6.321499543811336,
                                    5.778175816476684,
                                    0.5785449685605195,
                                    4.5155650049856355,
                                    0.12613286026323056,
                                    1.8177488558002923,
                                    -1.7184501481359813,
                                    1.100093611574651,
                                    5.006775314546916,
                                    -0.8476693098079853,
                                    4.225483685803673,
                                    2.354069132252405,
                                    1.469172501731684,
                                    19.771088638059993,
                                    -0.08966966790621807,
                                    1.490899558170722,
                                    0.1192550543594322,
                                    -0.03774744485923965,
                                    0.1695443770858366,
                                    0.028281711641725663,
                                    0.04239743612893201
                                ],
                                [
                                    0.9785987632972412,
                                    -4.5543427226703415,
                                    -0.008777735346155176,
                                    -6.500706241486862,
                                    -2.4282275300965637,
                                    -9.86196972552599,
                                    2.769600408622428,
                                    -4.642317014906293,
                                    0.8561316141687892,
                                    5.562015647663297,
                                    -5.235262145401469,
                                    -1.5596844346660845,
                                    4.855729079981681,
                                    -3.9658160233726147,
                                    1.3849483879506976,
                                    0.24914672881123637,
                                    -0.08966966790621807,
                                    15.694400241267948,
                                    0.007126175328831961,
                                    -0.1157473033384008,
                                    -0.11693897028553768,
                                    -0.012672200588892355,
                                    -0.07114056937169828,
                                    0.02035485957590172
                                ],
                                [
                                    -0.8814818740817864,
                                    -1.021442226594548,
                                    -0.01301909215712265,
                                    0.2825531617710702,
                                    2.9150819253308704,
                                    1.7509238757115066,
                                    1.4127876429570236,
                                    2.3713208127722885,
                                    2.800415153140326,
                                    -1.2752377973431812,
                                    2.8865725578722694,
                                    -0.5350331312144466,
                                    0.6679571133205151,
                                    1.4812942859478468,
                                    0.9814392425525705,
                                    0.3150499911631597,
                                    1.490899558170722,
                                    0.007126175328831961,
                                    7.675055953654962,
                                    0.05296860715610969,
                                    0.36965655229240757,
                                    0.004594370836781035,
                                    0.061350176370971427,
                                    0.04685683821854412
                                ],
                                [
                                    0.33282432046613025,
                                    -1.0727381949078931,
                                    1.6170653614109944,
                                    1.1377596409517685,
                                    1.0845002005482824,
                                    -0.15550471725607418,
                                    1.9908256463052925,
                                    0.11221861620988975,
                                    -0.33552234700858247,
                                    0.513078067230417,
                                    -0.07425154463282331,
                                    1.284148519763069,
                                    0.2495544379324819,
                                    1.6614271392917113,
                                    -0.5075090128463281,
                                    0.46512455416504767,
                                    0.1192550543594322,
                                    -0.1157473033384008,
                                    0.05296860715610969,
                                    4.354796015623905,
                                    0.2600961049054339,
                                    0.05920742993455992,
                                    0.01836878991635916,
                                    0.03733307005563603
                                ],
                                [
                                    0.2809718155647919,
                                    0.17218943196641764,
                                    1.4730933492863236,
                                    -1.850754704119881,
                                    1.3808283907187975,
                                    -3.123964816277737,
                                    -0.18360446818010198,
                                    0.9420597692122208,
                                    1.518544339125175,
                                    0.33643293925037693,
                                    0.13736468502004773,
                                    0.13129243036494784,
                                    -0.755155958189151,
                                    -0.8151456492255182,
                                    -0.30483725063361033,
                                    -0.34606986684699814,
                                    -0.03774744485923965,
                                    -0.11693897028553768,
                                    0.36965655229240757,
                                    0.2600961049054339,
                                    2.434572956188357,
                                    0.19897395761162104,
                                    0.05212431426804215,
                                    -0.010655680146552679
                                ],
                                [
                                    0.47185201120090037,
                                    0.2819020689606394,
                                    0.4006700319130557,
                                    -0.3955186316527059,
                                    0.14350634627713216,
                                    -2.20804321722848,
                                    0.8363063481291524,
                                    -0.4437929311265479,
                                    0.3959695941470403,
                                    0.6039224272997691,
                                    -0.2644505573223171,
                                    -0.44493672315168875,
                                    -0.2072571911544018,
                                    0.08899234438651839,
                                    -0.0740422114174426,
                                    -0.09976465804305325,
                                    0.1695443770858366,
                                    -0.012672200588892355,
                                    0.004594370836781035,
                                    0.05920742993455992,
                                    0.19897395761162104,
                                    0.769395830564632,
                                    0.06280755679561825,
                                    0.00038705534710775495
                                ],
                                [
                                    0.2112175258732794,
                                    0.07594385586584075,
                                    0.20576526998751377,
                                    0.009073130739131212,
                                    -0.09948609590870315,
                                    -0.5220289248412401,
                                    0.37608287893182396,
                                    0.01843844960045622,
                                    0.046694956024870664,
                                    0.40232562584517384,
                                    -0.32572221701743015,
                                    -0.0046852256412683755,
                                    -0.2330991355736539,
                                    -0.029494839369582974,
                                    0.0031569076314795384,
                                    -0.04062076953375948,
                                    0.028281711641725663,
                                    -0.07114056937169828,
                                    0.061350176370971427,
                                    0.01836878991635916,
                                    0.05212431426804215,
                                    0.06280755679561825,
                                    0.11419975927636983,
                                    -0.004904217869232631
                                ],
                                [
                                    -0.013461928990344043,
                                    -0.29411401243630425,
                                    -0.07181479350628386,
                                    0.09452957716600695,
                                    0.11805549971100605,
                                    0.14161175923904232,
                                    0.14556371820854397,
                                    0.0492187304167656,
                                    -0.07929250986857922,
                                    0.1830493851131684,
                                    -0.08440520046841296,
                                    0.07896509792393501,
                                    0.06882916690854833,
                                    0.13334893710038645,
                                    0.10822531746849251,
                                    0.042962621500303874,
                                    0.04239743612893201,
                                    0.02035485957590172,
                                    0.04685683821854412,
                                    0.03733307005563603,
                                    -0.010655680146552679,
                                    0.00038705534710775495,
                                    -0.004904217869232631,
                                    0.03451212001517645
                                ]
                            ]
                        ],
                        "frozen" : false
                    },
                    {
                        "class" : "Distribution",
                        "name" : "MultivariateGaussianDistribution",
                        "parameters" : [
                            [
                                14.211695855776725,
                                -22.802799438438612,
                                -4.362320302412494,
                                -3.712735738249109,
                                -12.643118265994824,
                                -3.8763349551090385,
                                -3.456756697534997,
                                5.6406543130348075,
                                -6.399327301224047,
                                0.13671307687222317,
                                1.8970236644764191,
                                -7.038706345387613,
                                -2.972201542890734,
                                -0.8431355343051159,
                                -0.7061774949093901,
                                2.1283539891427186,
                                -0.23997502412704114,
                                -0.3957140505097669,
                                -0.4216570788064179,
                                0.36040908774433794,
                                -0.5451113532899257,
                                0.2329313168780093,
                                0.12656889665105225,
                                0.02673879381628844
                            ],
                            [
                                [
                                    9.345582117516575,
                                    -2.340749561021698,
                                    5.430235121469431,
                                    -3.928994587869087,
                                    -8.177634139933168,
                                    -1.197840730353164,
                                    -0.36070444976650684,
                                    4.901044645564643,
                                    -8.115553107745287,
                                    6.944956151150909,
                                    -3.5147435748014817,
                                    -3.6014655116725716,
                                    -2.308281513392328,
                                    5.322754599713726,
                                    -3.370163384745676,
                                    0.9765872041661638,
                                    -2.47827138030407,
                                    0.9785987632972412,
                                    -0.8814818740817864,
                                    0.33282432046613025,
                                    0.2809718155647919,
                                    0.47185201120090037,
                                    0.2112175258732794,
                                    -0.013461928990344043
                                ],
                                [
                                    -2.340749561021698,
                                    70.24360076472733,
                                    6.900555620844514,
                                    -0.7803234821151507,
                                    -9.820583644071998,
                                    -0.5934980737386837,
                                    -25.51816103436575,
                                    -12.914580512424397,
                                    -7.335074472332907,
                                    -16.896471873582076,
                                    16.29278429400838,
                                    -17.100831682840276,
                                    -3.1604101736484704,
