{
    "class" : "HiddenMarkovModel",
    "name" : "None",
    "start" : {
        "class" : "State",
        "distribution" : null,
        "name" : "None-start",
        "weight" : 1.0
    },
    "end" : {
        "class" : "State",
        "distribution" : null,
        "name" : "None-end",
        "weight" : 1.0
    },
    "states" : [
        {
            "class" : "State",
            "distribution" : {
                "class" : "GeneralMixtureModel",
                "distributions" : [
                    {
                        "class" : "Distribution",
                        "name" : "MultivariateGaussianDistribution",
                        "parameters" : [
                            [
                                14.526013520190704,
                                -21.73608214006138,
                                -3.5823742682452875,
                                -3.20904445219674,
                                -13.319940599791007,
                                -7.265130136242337,
                                -3.7370115474971066,
                                5.825682694382025,
                                -7.8015105680554155,
                                -0.7045518055619521,
                                1.4811973370139828,
                                -7.022996850339474,
                                -3.1118165900414407,
                                0.960433258306345,
                                -1.4003849343765102,
                                2.1690818005554005,
                                -1.0774755876036735,
                                0.0909331781473393,
                                -0.4957891673573877,
                                0.6639103071170687,
                                -0.42777826608194525,
                                0.22265040559826285,
                                0.12714165844712266,
                                0.030332720183196986
                            ],
                            [
                                [
                                    10.360503926472935,
                                    -1.0658567543928437,
                                    6.5433426798908405,
                                    -4.916385974527131,
                                    -12.071165371312246,
                                    -14.757877977685254,
                                    1.5010766919867833,
                                    4.1175376551690155,
                                    -12.768996851588676,
                                    7.776262447843503,
                                    -5.960279752841479,
                                    -2.9071685255610107,
                                    -1.4581514348167537,
                                    6.754018617050734,
                                    -5.201693530460799,
                                    1.5032931595056183,
                                    -3.076927123445897,
                                    2.6662016385844924,
                                    -0.7665277453094084,
                                    1.6023651614835879,
                                    0.2594008168295922,
                                    0.6551198386855919,
                                    0.3794720900016966,
                                    0.014368352362644252
                                ],
                                [
                                    -1.0658567543928437,
                                    82.02872978261192,
                                    9.37215793629178,
                                    4.66697642254821,
                                    -12.638464757723492,
                                    -17.024584812391392,
                                    -25.144881864922546,
                                    -15.293015953582138,
                                    -2.3036035029247537,
                                    -21.282045673494327,
                                    10.453618749982017,
                                    -17.22941329844655,
                                    0.9287144221522224,
                                    -12.503117340600646,
                                    -9.72835724501128,
                                    -4.9343335493356255,
                                    -4.939807625616025,
                                    -4.3850751197622655,
                                    -0.1828710220063451,
                                    1.7756755285066694,
                                    -0.28097269756059595,
                                    0.4833488269116706,
                                    -0.21164458651062412,
                                    -0.35912673725464433
                                ],
                                [
                                    6.5433426798908405,
                                    9.37215793629178,
                                    76.69183971737377,
                                    -2.649067123200579,
                                    -6.335931179178021,
                                    -3.901631273958304,
                                    -14.827110619433473,
                                    -5.645691367937912,
                                    -6.383598560761218,
                                    0.5191054850201203,
                                    -1.8897930926917603,
                                    -12.53699702335814,
                                    -3.8535905387628837,
                                    3.5991693981270805,
                                    -16.03973660417737,
                                    3.445179470177528,
                                    0.6381174816656696,
                                    5.955514595149818,
                                    -1.5225437531327959,
                                    2.2700446499997655,
                                    0.7154144169423081,
                                    0.4810745820867391,
                                    0.31135025417005735,
                                    -0.022738975836875463
                                ],
                                [
                                    -4.916385974527131,
                                    4.66697642254821,
                                    -2.649067123200579,
                                    86.21412901204961,
                                    8.429417667891203,
                                    37.06848201716301,
                                    6.437103348007576,
                                    13.857215639564703,
                                    -22.021005591448827,
                                    -15.8999497471271,
                                    11.407652141022012,
                                    16.15464372086133,
                                    -11.693844640678417,
                                    9.335926514693371,
                                    1.447801842883315,
                                    -0.015602336051312428,
                                    7.669777510672909,
                                    -8.98712596342774,
                                    1.8999823411274575,
                                    0.8368984924021359,
                                    -2.5226822561828834,
                                    0.100268645163463,
                                    -0.25047839876353495,
                                    0.11439563568104234
                                ],
                                [
                                    -12.071165371312246,
                                    -12.638464757723492,
                                    -6.335931179178021,
                                    8.429417667891203,
                                    106.19976946621253,
                                    18.580248758497962,
                                    31.90025194424785,
                                    6.644062158994874,
                                    37.3206319368046,
                                    -3.1003590132134184,
                                    -1.7004197436472104,
                                    27.749317515014592,
                                    -0.5358686011613012,
                                    2.7073584082407742,
                                    16.483448290680332,
                                    -4.10904437549198,
                                    5.296730454075999,
                                    -8.16978419503983,
                                    2.6504871976901176,
                                    -1.251342300754308,
                                    1.3482216567045386,
                                    -0.8960613421408244,
                                    -0.2964197739065819,
                                    0.2647645377251891
                                ],
                                [
                                    -14.757877977685254,
                                    -17.024584812391392,
                                    -3.901631273958304,
                                    37.06848201716301,
                                    18.580248758497962,
                                    244.70821617085932,
                                    -48.725174829661114,
                                    32.99415552407961,
                                    32.13264656384694,
                                    -36.043831101217314,
                                    55.68244320320747,
                                    19.377255530605943,
                                    -13.122707511244666,
                                    8.247316634954982,
                                    15.891329969599747,
                                    -4.463326901269127,
                                    6.723972760562959,
                                    -21.537131442054324,
                                    5.453727360710737,
                                    -6.61300372986688,
                                    -5.2417739278336395,
                                    -3.2385414423515497,
                                    -1.6265352516646985,
                                    0.2710631992810919
                                ],
                                [
                                    1.5010766919867833,
                                    -25.144881864922546,
                                    -14.827110619433473,
                                    6.437103348007576,
                                    31.90025194424785,
                                    -48.725174829661114,
                                    135.41815249766142,
                                    -10.730141049052277,
                                    10.971946574278533,
                                    30.47974396727117,
                                    -1.466093338037372,
                                    -9.327269097639292,
                                    3.327729215484113,
                                    14.060488453292692,
                                    4.084948053880714,
                                    9.58474253380886,
                                    5.396233711779653,
                                    6.888353974307914,
                                    -1.0707031991346925,
                                    -0.3545068110046489,
                                    0.22884901965732762,
                                    1.1809154666334647,
                                    0.8053995387298031,
                                    0.17277267547706845
                                ],
                                [
                                    4.1175376551690155,
                                    -15.293015953582138,
                                    -5.645691367937912,
                                    13.857215639564703,
                                    6.644062158994874,
                                    32.99415552407961,
                                    -10.730141049052277,
                                    84.2114937369294,
                                    -6.755824593983078,
                                    2.5605058756610513,
                                    12.713900853294447,
                                    17.57975262695733,
                                    -11.567976545870936,
                                    10.643313528779602,
                                    4.667340907240309,
                                    0.2972007688596708,
                                    -0.43541517066301666,
                                    -5.465493275919296,
                                    0.36657648146579175,
                                    -0.15956966139821654,
                                    0.004281376057237448,
                                    -0.4370605257591474,
                                    -0.021165714198730385,
                                    0.09239851366064496
                                ],
                                [
                                    -12.768996851588676,
                                    -2.3036035029247537,
                                    -6.383598560761218,
                                    -22.021005591448827,
                                    37.3206319368046,
                                    32.13264656384694,
                                    10.971946574278533,
                                    -6.755824593983078,
                                    118.38762624121863,
                                    -2.362116880018351,
                                    10.550102085183697,
                                    19.26958026668984,
                                    4.384501536783003,
                                    -16.447548092237618,
                                    14.039139463274863,
                                    -5.031332337120465,
                                    -1.8481858906654565,
                                    -5.923055710322006,
                                    0.755819678904283,
                                    -5.180902435249921,
                                    0.6712931405539081,
                                    -1.5831889935386403,
                                    -0.49684657185655,
                                    -0.243357832547183
                                ],
                                [
                                    7.776262447843503,
                                    -21.282045673494327,
                                    0.5191054850201203,
                                    -15.8999497471271,
                                    -3.1003590132134184,
                                    -36.043831101217314,
                                    30.47974396727117,
                                    2.5605058756610513,
                                    -2.362116880018351,
                                    95.56397127964678,
                                    -20.768246867932476,
                                    -2.3242170839292435,
                                    16.646095785012438,
                                    -6.522110067174646,
                                    1.9271717338389984,
                                    1.6750943803025686,
                                    -0.4446011560504174,
                                    8.847982238870019,
                                    -1.4350864186411234,
                                    -1.3751431322323635,
                                    0.0700378767771825,
                                    0.8611920691295916,
                                    0.7939363227510368,
                                    0.10457054081762314
                                ],
                                [
                                    -5.960279752841479,
                                    10.453618749982017,
                                    -1.8897930926917603,
                                    11.407652141022012,
                                    -1.7004197436472104,
                                    55.68244320320747,
                                    -1.466093338037372,
                                    12.713900853294447,
                                    10.550102085183697,
                                    -20.768246867932476,
                                    103.60794429216682,
                                    -17.43491673237387,
                                    3.698561717336072,
                                    4.346514564807409,
                                    -0.6224390028073256,
                                    4.155463667359106,
                                    -1.2277599511502753,
                                    -8.265453980775144,
                                    1.9010409228284544,
                                    -1.8249212743137246,
                                    -1.3274729777010443,
                                    -1.0426280006671989,
                                    -0.8989582506156872,
                                    -0.04222921268228431
                                ],
                                [
                                    -2.9071685255610107,
                                    -17.22941329844655,
                                    -12.53699702335814,
                                    16.15464372086133,
                                    27.749317515014592,
                                    19.377255530605943,
                                    -9.327269097639292,
                                    17.57975262695733,
                                    19.26958026668984,
                                    -2.3242170839292435,
                                    -17.43491673237387,
                                    96.67166748880487,
                                    -12.021914974036742,
                                    10.321129841670711,
                                    8.295151054704618,
                                    -3.6965963132275754,
                                    0.5937710102072447,
                                    -7.554468629991886,
                                    0.5671867722343124,
                                    -0.3064694977522962,
                                    0.4879771727904192,
                                    -0.8526473470559942,
                                    -0.18797406151194904,
                                    -0.0229296774219854
                                ],
                                [
                                    -1.4581514348167537,
                                    0.9287144221522224,
                                    -3.8535905387628837,
                                    -11.693844640678417,
                                    -0.5358686011613012,
                                    -13.122707511244666,
                                    3.327729215484113,
                                    -11.567976545870936,
                                    4.384501536783003,
                                    16.646095785012438,
                                    3.698561717336072,
                                    -12.021914974036742,
                                    74.27027217368799,
                                    -19.642636782603027,
                                    8.06371048030502,
                                    2.0000018329724734,
                                    -4.955501074034852,
                                    0.18789479852282187,
                                    0.2864488850770121,
                                    -0.32168516186330537,
                                    -0.15017697792030674,
                                    -0.23923772779292393,
                                    -0.2528562660600333,
                                    -0.1697180721808243
                                ],
                                [
                                    6.754018617050734,
                                    -12.503117340600646,
                                    3.5991693981270805,
                                    9.335926514693371,
                                    2.7073584082407742,
                                    8.247316634954982,
                                    14.060488453292692,
                                    10.643313528779602,
                                    -16.447548092237618,
                                    -6.522110067174646,
                                    4.346514564807409,
                                    10.321129841670711,
                                    -19.642636782603027,
                                    63.056408556897196,
                                    -6.0348673208475265,
                                    4.542132983414687,
                                    1.9383877686562996,
                                    -4.068935249361658,
                                    0.9688846652634614,
                                    2.4502651198428076,
                                    -0.9761511973212076,
                                    -0.2872094805542489,
                                    0.09225148225865396,
                                    0.07509146889917671
                                ],
                                [
                                    -5.201693530460799,
                                    -9.72835724501128,
                                    -16.03973660417737,
                                    1.447801842883315,
                                    16.483448290680332,
                                    15.891329969599747,
                                    4.084948053880714,
                                    4.667340907240309,
                                    14.039139463274863,
                                    1.9271717338389984,
                                    -0.6224390028073256,
                                    8.295151054704618,
                                    8.06371048030502,
                                    -6.0348673208475265,
                                    46.759146141841676,
                                    -1.2109761231816054,
                                    2.309669113867084,
                                    -2.1157787917521214,
                                    2.3939859036439843,
                                    -2.0603594262759346,
                                    -0.5187333008937552,
                                    -0.49874330648223447,
                                    -0.33149321192899595,
                                    0.1312899208895416
                                ],
                                [
                                    1.5032931595056183,
                                    -4.9343335493356255,
                                    3.445179470177528,
                                    -0.015602336051312428,
                                    -4.10904437549198,
                                    -4.463326901269127,
                                    9.58474253380886,
                                    0.2972007688596708,
                                    -5.031332337120465,
                                    1.6750943803025686,
                                    4.155463667359106,
                                    -3.6965963132275754,
                                    2.0000018329724734,
                                    4.542132983414687,
                                    -1.2109761231816054,
                                    23.94632183400667,
                                    3.371982902562804,
                                    1.0953058453265803,
                                    0.2760455163308964,
                                    0.5753713240924909,
                                    -0.6148616706172123,
                                    -0.07295842372421642,
                                    -0.04224363456522483,
                                    0.017751567349004595
                                ],
                                [
                                    -3.076927123445897,
                                    -4.939807625616025,
                                    0.6381174816656696,
                                    7.669777510672909,
                                    5.296730454075999,
                                    6.723972760562959,
                                    5.396233711779653,
                                    -0.43541517066301666,
                                    -1.8481858906654565,
                                    -0.4446011560504174,
                                    -1.2277599511502753,
                                    0.5937710102072447,
                                    -4.955501074034852,
                                    1.9383877686562996,
                                    2.309669113867084,
                                    3.371982902562804,
                                    22.873131726391545,
                                    1.7616623024665974,
                                    1.3220785498388852,
                                    -0.8019447353172742,
                                    -0.3135933144423765,
                                    0.02996051939727823,
                                    0.026840657619437793,
                                    0.12326832638992528
                                ],
                                [
                                    2.6662016385844924,
                                    -4.3850751197622655,
                                    5.955514595149818,
                                    -8.98712596342774,
                                    -8.16978419503983,
                                    -21.537131442054324,
                                    6.888353974307914,
                                    -5.465493275919296,
                                    -5.923055710322006,
                                    8.847982238870019,
                                    -8.265453980775144,
                                    -7.554468629991886,
                                    0.18789479852282187,
                                    -4.068935249361658,
                                    -2.1157787917521214,
                                    1.0953058453265803,
                                    1.7616623024665974,
                                    17.977099083685648,
                                    -0.10979432166003346,
                                    0.5252939229078362,
                                    0.4669319638113356,
                                    0.6639315890134122,
                                    0.24047262978246794,
                                    0.05016306340270104
                                ],
                                [
                                    -0.7665277453094084,
                                    -0.1828710220063451,
                                    -1.5225437531327959,
                                    1.8999823411274575,
                                    2.6504871976901176,
                                    5.453727360710737,
                                    -1.0707031991346925,
                                    0.36657648146579175,
                                    0.755819678904283,
                                    -1.4350864186411234,
                                    1.9010409228284544,
                                    0.5671867722343124,
                                    0.2864488850770121,
                                    0.9688846652634614,
                                    2.3939859036439843,
                                    0.2760455163308964,
                                    1.3220785498388852,
                                    -0.10979432166003346,
                                    7.328383192864843,
                                    0.44239994798731946,
                                    -0.029999175483387392,
                                    -0.14436497172830212,
                                    -0.020644992220555446,
                                    0.05828767813127362
                                ],
                                [
                                    1.6023651614835879,
                                    1.7756755285066694,
                                    2.2700446499997655,
                                    0.8368984924021359,
                                    -1.251342300754308,
                                    -6.61300372986688,
                                    -0.3545068110046489,
                                    -0.15956966139821654,
                                    -5.180902435249921,
                                    -1.3751431322323635,
                                    -1.8249212743137246,
                                    -0.3064694977522962,
                                    -0.32168516186330537,
                                    2.4502651198428076,
                                    -2.0603594262759346,
                                    0.5753713240924909,
                                    -0.8019447353172742,
                                    0.5252939229078362,
                                    0.44239994798731946,
                                    4.773164175482483,
                                    0.5699715092189239,
                                    0.2510613263307677,
                                    -0.007861823081447498,
                                    0.029576088515640645
                                ],
                                [
                                    0.2594008168295922,
                                    -0.28097269756059595,
                                    0.7154144169423081,
                                    -2.5226822561828834,
                                    1.3482216567045386,
                                    -5.2417739278336395,
                                    0.22884901965732762,
                                    0.004281376057237448,
                                    0.6712931405539081,
                                    0.0700378767771825,
                                    -1.3274729777010443,
                                    0.4879771727904192,
                                    -0.15017697792030674,
                                    -0.9761511973212076,
                                    -0.5187333008937552,
                                    -0.6148616706172123,
                                    -0.3135933144423765,
                                    0.4669319638113356,
                                    -0.029999175483387392,
                                    0.5699715092189239,
                                    2.5991989522127685,
                                    0.18487415527431636,
                                    0.08558175510085765,
                                    -0.012150674339173268
                                ],
                                [
                                    0.6551198386855919,
                                    0.4833488269116706,
                                    0.4810745820867391,
                                    0.100268645163463,
                                    -0.8960613421408244,
                                    -3.2385414423515497,
                                    1.1809154666334647,
                                    -0.4370605257591474,
                                    -1.5831889935386403,
                                    0.8611920691295916,
                                    -1.0426280006671989,
                                    -0.8526473470559942,
                                    -0.23923772779292393,
                                    -0.2872094805542489,
                                    -0.49874330648223447,
                                    -0.07295842372421642,
                                    0.02996051939727823,
                                    0.6639315890134122,
                                    -0.14436497172830212,
                                    0.2510613263307677,
                                    0.18487415527431636,
                                    0.9450089225501489,
                                    0.11129164925573826,
                                    0.013164433869414812
                                ],
                                [
                                    0.3794720900016966,
                                    -0.21164458651062412,
                                    0.31135025417005735,
                                    -0.25047839876353495,
                                    -0.2964197739065819,
                                    -1.6265352516646985,
                                    0.8053995387298031,
                                    -0.021165714198730385,
                                    -0.49684657185655,
                                    0.7939363227510368,
                                    -0.8989582506156872,
                                    -0.18797406151194904,
                                    -0.2528562660600333,
                                    0.09225148225865396,
                                    -0.33149321192899595,
                                    -0.04224363456522483,
                                    0.026840657619437793,
                                    0.24047262978246794,
                                    -0.020644992220555446,
                                    -0.007861823081447498,
                                    0.08558175510085765,
                                    0.11129164925573826,
                                    0.1310754471782952,
                                    -0.003270670020290673
                                ],
                                [
                                    0.014368352362644252,
                                    -0.35912673725464433,
                                    -0.022738975836875463,
                                    0.11439563568104234,
                                    0.2647645377251891,
                                    0.2710631992810919,
                                    0.17277267547706845,
                                    0.09239851366064496,
                                    -0.243357832547183,
                                    0.10457054081762314,
                                    -0.04222921268228431,
                                    -0.0229296774219854,
                                    -0.1697180721808243,
                                    0.07509146889917671,
                                    0.1312899208895416,
                                    0.017751567349004595,
                                    0.12326832638992528,
                                    0.05016306340270104,
                                    0.05828767813127362,
                                    0.029576088515640645,
                                    -0.012150674339173268,
                                    0.013164433869414812,
                                    -0.003270670020290673,
                                    0.0389445358119195
                                ]
                            ]
                        ],
                        "frozen" : false
                    },
                    {
                        "class" : "Distribution",
                        "name" : "MultivariateGaussianDistribution",
                        "parameters" : [
                            [
                                14.526013520190704,
                                -21.73608214006138,
                                -3.5823742682452875,
                                -3.20904445219674,
                                -13.319940599791007,
                                -7.265130136242337,
                                -3.7370115474971066,
                                5.825682694382025,
                                -7.8015105680554155,
                                -0.7045518055619521,
                                1.4811973370139828,
                                -7.022996850339474,
                                -3.1118165900414407,
                                0.960433258306345,
                                -1.4003849343765102,
                                2.1690818005554005,
                                -1.0774755876036735,
                                0.0909331781473393,
                                -0.4957891673573877,
                                0.6639103071170687,
                                -0.42777826608194525,
                                0.22265040559826285,
                                0.12714165844712266,
                                0.030332720183196986
                            ],
                            [
                                [
                                    10.360503926472935,
                                    -1.0658567543928437,
                                    6.5433426798908405,
                                    -4.916385974527131,
                                    -12.071165371312246,
                                    -14.757877977685254,
                                    1.5010766919867833,
                                    4.1175376551690155,
                                    -12.768996851588676,
                                    7.776262447843503,
                                    -5.960279752841479,
                                    -2.9071685255610107,
                                    -1.4581514348167537,
                                    6.754018617050734,
                                    -5.201693530460799,
                                    1.5032931595056183,
                                    -3.076927123445897,
                                    2.6662016385844924,
                                    -0.7665277453094084,
                                    1.6023651614835879,
                                    0.2594008168295922,
                                    0.6551198386855919,
                                    0.3794720900016966,
                                    0.014368352362644252
                                ],
                                [
                                    -1.0658567543928437,
                                    82.02872978261192,
                                    9.37215793629178,
                                    4.66697642254821,
                                    -12.638464757723492,
                                    -17.024584812391392,
                                    -25.144881864922546,
                                    -15.293015953582138,
                                    -2.3036035029247537,
                                    -21.282045673494327,
                                    10.453618749982017,
                                    -17.22941329844655,
                                    0.9287144221522224,
