{
    "class" : "HiddenMarkovModel",
    "name" : "None",
    "start" : {
        "class" : "State",
        "distribution" : null,
        "name" : "None-start",
        "weight" : 1.0
    },
    "end" : {
        "class" : "State",
        "distribution" : null,
        "name" : "None-end",
        "weight" : 1.0
    },
    "states" : [
        {
            "class" : "State",
            "distribution" : {
                "class" : "GeneralMixtureModel",
                "distributions" : [
                    {
                        "class" : "Distribution",
                        "name" : "MultivariateGaussianDistribution",
                        "parameters" : [
                            [
                                14.100852492533804,
                                -29.08054703346793,
                                0.5820062310940743,
                                -10.532399750683815,
                                -6.486070635554356,
                                -7.782586762646247,
                                -0.6053217697494322,
                                -4.354941771471892,
                                -2.066187756171524,
                                1.5713757917575444,
                                -3.474975209454393,
                                -7.302001491170656,
                                1.0535272517929153,
                                -3.551049836760622,
                                -0.9451531334351999,
                                2.1070241579275453,
                                -1.1137342854692591,
                                1.4793343326862052,
                                -1.167433340424894,
                                0.5040621053796289,
                                -0.5048930085007214,
                                0.009820144420512902,
                                0.06152366822365658,
                                0.01913180099967233
                            ],
                            [
                                [
                                    4.892707976664064,
                                    -3.313828342270262,
                                    1.9121618311512731,
                                    1.6485155828507214,
                                    -6.850499042309931,
                                    -2.5067480075048247,
                                    -0.019087815943089392,
                                    0.37839936380034594,
                                    -1.7052911218763889,
                                    4.6787475401902805,
                                    -2.621361090949471,
                                    2.4586903805438234,
                                    1.9650364896397543,
                                    -1.9691948031569217,
                                    0.2510456122720188,
                                    1.444510732362719,
                                    -1.6924779316038385,
                                    1.5467761636715538,
                                    -0.9275061045652508,
                                    0.391220914859499,
                                    0.18096991938500204,
                                    0.3739945234350056,
                                    -0.013876985417553413,
                                    -0.005685464214571724
                                ],
                                [
                                    -3.313828342270262,
                                    57.676131839161926,
                                    -7.221969192628375,
                                    9.66817921057203,
                                    -25.882307568577236,
                                    9.71652957949787,
                                    -29.267714546310007,
                                    -1.5695976699409335,
                                    -5.920844212449177,
                                    -24.566850886604776,
                                    9.777649521321946,
                                    -6.214699218750383,
                                    -17.611391302816905,
                                    2.9970018979892554,
                                    -1.619637068819839,
                                    -9.564155880882769,
                                    6.683150423437995,
                                    -6.536614881381804,
                                    1.8501614802482809,
                                    -2.6357206668107485,
                                    1.8974130553075004,
                                    0.7573851170879874,
                                    0.010751978369989666,
                                    -0.22442181458246746
                                ],
                                [
                                    1.9121618311512731,
                                    -7.221969192628375,
                                    59.647339045289264,
                                    -17.87874978387487,
                                    42.049448015308855,
                                    -28.324942637843836,
                                    30.03113820166653,
                                    -26.86234185698967,
                                    19.44177001334099,
                                    3.970338169466929,
                                    -0.04614398960495447,
                                    -4.422984282588458,
                                    10.173827204032895,
                                    -4.5228947936740616,
                                    0.7608862050403439,
                                    6.836764104883271,
                                    -7.015452559737634,
                                    3.982156115528727,
                                    -0.5062506260242884,
                                    0.3996204019774395,
                                    0.940647658299851,
                                    0.10650286179898871,
                                    0.35818733769175043,
                                    0.040408283100785994
                                ],
                                [
                                    1.6485155828507214,
                                    9.66817921057203,
                                    -17.87874978387487,
                                    65.46948627362355,
                                    -33.241529359360285,
                                    31.131487384004743,
                                    -14.340218218279748,
                                    35.06393896946885,
                                    -27.109808456888437,
                                    22.2535579730961,
                                    1.3730431756122405,
                                    16.915668415272638,
                                    2.0231343939471085,
                                    2.604346233337414,
                                    -0.6321094704285531,
                                    -1.010861177744044,
                                    -1.1744527647528864,
                                    0.5071004544116333,
                                    -1.4105918181238666,
                                    1.1385354238602514,
                                    -1.5684190039020194,
                                    0.26243565240800154,
                                    -0.33763388411808626,
                                    -0.014448916318738682
                                ],
                                [
                                    -6.850499042309931,
                                    -25.882307568577236,
                                    42.049448015308855,
                                    -33.241529359360285,
                                    154.48107673364063,
                                    -34.59281759484386,
                                    57.78952342804001,
                                    -55.530524874715695,
                                    37.41459736471926,
                                    -37.03093022293408,
                                    12.172346241173786,
                                    -10.730619850842508,
                                    2.4149189770175687,
                                    17.259691532747954,
                                    -6.277876736912765,
                                    12.799271893067198,
                                    -2.8893759809352426,
                                    2.094859709554605,
                                    2.6462790543819765,
                                    -1.0984347724029144,
                                    0.6250335926348501,
                                    -1.977241533741004,
                                    0.1941378167416456,
                                    0.18846560975696242
                                ],
                                [
                                    -2.5067480075048247,
                                    9.71652957949787,
                                    -28.324942637843836,
                                    31.131487384004743,
                                    -34.59281759484386,
                                    112.38994150497564,
                                    -54.87787152174952,
                                    67.93898535217009,
                                    -22.43026602573144,
                                    -2.858770520289532,
                                    15.490784809652952,
                                    19.490849402821834,
                                    -21.686585543524117,
                                    18.0193308219703,
                                    2.1225481917134306,
                                    -14.704262462230679,
                                    12.47067786736136,
                                    -12.907651820944801,
                                    1.935596348205273,
                                    -0.9190432502844924,
                                    0.8155392049457156,
                                    -0.9606333512934789,
                                    -0.22052879289270566,
                                    -0.046337710669499856
                                ],
                                [
                                    -0.019087815943089392,
                                    -29.267714546310007,
                                    30.03113820166653,
                                    -14.340218218279748,
                                    57.78952342804001,
                                    -54.87787152174952,
                                    112.72052827790633,
                                    -32.026184395084975,
                                    30.11084720958193,
                                    28.942390951735383,
                                    -12.441343340029132,
                                    -8.24768300444545,
                                    35.08077037126165,
                                    -16.724588765851966,
                                    2.7339562037164997,
                                    16.59239526647688,
                                    -12.326690391900012,
                                    13.040522737567294,
                                    -1.813037148516935,
                                    2.2700813275330343,
                                    -2.563248476285403,
                                    -0.436982591777795,
                                    0.015982670337384507,
                                    0.14853668825129485
                                ],
                                [
                                    0.37839936380034594,
                                    -1.5695976699409335,
                                    -26.86234185698967,
                                    35.06393896946885,
                                    -55.530524874715695,
                                    67.93898535217009,
                                    -32.026184395084975,
                                    124.3560952283077,
                                    -30.146750990245422,
                                    47.592246596696725,
                                    1.5968119325921024,
                                    26.828070719344343,
                                    -11.544028330841897,
                                    9.125454430046094,
                                    6.662719015221968,
                                    -7.0885871044704265,
                                    4.147361394116872,
                                    -9.043156305149822,
                                    -0.7447903999553155,
                                    0.8517650085961344,
                                    -1.066266257858836,
                                    -1.0875696837639088,
                                    0.1268884243043746,
                                    0.14653981627899895
                                ],
                                [
                                    -1.7052911218763889,
                                    -5.920844212449177,
                                    19.44177001334099,
                                    -27.109808456888437,
                                    37.41459736471926,
                                    -22.43026602573144,
                                    30.11084720958193,
                                    -30.146750990245422,
                                    77.24419536346655,
                                    -15.380853334169572,
                                    9.133603504794245,
                                    -10.277300245134242,
                                    6.752815214055158,
                                    -4.394278359942001,
                                    5.587795770634327,
                                    4.187940264194332,
                                    -1.8218093755139133,
                                    1.3183186115480983,
                                    1.4894226890959803,
                                    -1.0301698692147296,
                                    0.75569141936537,
                                    0.29276596933076127,
                                    0.09285293524854271,
                                    -0.1070555103540457
                                ],
                                [
                                    4.6787475401902805,
                                    -24.566850886604776,
                                    3.970338169466929,
                                    22.2535579730961,
                                    -37.03093022293408,
                                    -2.858770520289532,
                                    28.942390951735383,
                                    47.592246596696725,
                                    -15.380853334169572,
                                    124.968534599274,
                                    -22.78237215451825,
                                    23.938768868830618,
                                    26.88631367902719,
                                    -20.395141158311507,
                                    5.909356232961849,
                                    9.930523977978579,
                                    -11.827407017027946,
                                    6.223622352683453,
                                    -3.7210400757689737,
                                    3.1731076825979887,
                                    -3.2844927757364033,
                                    0.6637800489078737,
                                    0.28960073675653564,
                                    0.3237463213962077
                                ],
                                [
                                    -2.621361090949471,
                                    9.777649521321946,
                                    -0.04614398960495447,
                                    1.3730431756122405,
                                    12.172346241173786,
                                    15.490784809652952,
                                    -12.441343340029132,
                                    1.5968119325921024,
                                    9.133603504794245,
                                    -22.78237215451825,
                                    59.47867949584061,
                                    -3.8681004258154843,
                                    -8.31675985851729,
                                    10.656006058984621,
                                    -3.920573428067361,
                                    -4.084355099873192,
                                    4.194103654706638,
                                    -4.955906388379998,
                                    1.2190810236715008,
                                    -0.8915216569074903,
                                    0.9842352698952215,
                                    -0.1054710711208662,
                                    -0.08120814274100649,
                                    0.010046546312853497
                                ],
                                [
                                    2.4586903805438234,
                                    -6.214699218750383,
                                    -4.422984282588458,
                                    16.915668415272638,
                                    -10.730619850842508,
                                    19.490849402821834,
                                    -8.24768300444545,
                                    26.828070719344343,
                                    -10.277300245134242,
                                    23.938768868830618,
                                    -3.8681004258154843,
                                    63.251974174772094,
                                    -4.406152962719568,
                                    6.260983153787422,
                                    2.7133442891222157,
                                    -3.6571955165986725,
                                    0.2970563522087388,
                                    -1.6954131387129718,
                                    0.6738394014666362,
                                    0.4291959185097467,
                                    0.4135119317268002,
                                    -0.09757421750204451,
                                    -0.14759171632780718,
                                    0.036656977045764164
                                ],
                                [
                                    1.9650364896397543,
                                    -17.611391302816905,
                                    10.173827204032895,
                                    2.0231343939471085,
                                    2.4149189770175687,
                                    -21.686585543524117,
                                    35.08077037126165,
                                    -11.544028330841897,
                                    6.752815214055158,
                                    26.88631367902719,
                                    -8.31675985851729,
                                    -4.406152962719568,
                                    58.26219057287777,
                                    -13.65910504818757,
                                    2.9930102500664066,
                                    5.931611676633307,
                                    -8.760702820341997,
                                    9.687162510285061,
                                    -2.4197276647512664,
                                    3.2528140173161693,
                                    -2.312004198189009,
                                    0.48581971963937903,
                                    -0.10504134704078673,
                                    0.09404120631829957
                                ],
                                [
                                    -1.9691948031569217,
                                    2.9970018979892554,
                                    -4.5228947936740616,
                                    2.604346233337414,
                                    17.259691532747954,
                                    18.0193308219703,
                                    -16.724588765851966,
                                    9.125454430046094,
                                    -4.394278359942001,
                                    -20.395141158311507,
                                    10.656006058984621,
                                    6.260983153787422,
                                    -13.65910504818757,
                                    51.316496936948596,
                                    -4.812758941753648,
                                    -2.1919604115079374,
                                    5.3946983536517354,
                                    -7.35180906809552,
                                    2.6460588653195374,
                                    -1.7473615729241814,
                                    1.3905794362625383,
                                    -1.321217742136609,
                                    0.024723176904759267,
                                    -0.0004592471193299521
                                ],
                                [
                                    0.2510456122720188,
                                    -1.619637068819839,
                                    0.7608862050403439,
                                    -0.6321094704285531,
                                    -6.277876736912765,
                                    2.1225481917134306,
                                    2.7339562037164997,
                                    6.662719015221968,
                                    5.587795770634327,
                                    5.909356232961849,
                                    -3.920573428067361,
                                    2.7133442891222157,
                                    2.9930102500664066,
                                    -4.812758941753648,
                                    31.03681870688959,
                                    1.5896840490811786,
                                    0.974080901483864,
                                    1.4031783713385,
                                    0.0030612207198391804,
                                    0.8454425250616701,
                                    -0.467645319875179,
                                    0.6069431126615993,
                                    -0.1447731467653634,
                                    -0.051920209866683865
                                ],
                                [
                                    1.444510732362719,
                                    -9.564155880882769,
                                    6.836764104883271,
                                    -1.010861177744044,
                                    12.799271893067198,
                                    -14.704262462230679,
                                    16.59239526647688,
                                    -7.0885871044704265,
                                    4.187940264194332,
                                    9.930523977978579,
                                    -4.084355099873192,
                                    -3.6571955165986725,
                                    5.931611676633307,
                                    -2.1919604115079374,
                                    1.5896840490811786,
                                    25.399450663119303,
                                    -2.642088796199283,
                                    4.148441052915101,
                                    -0.30761077066411446,
                                    0.07908240691409049,
                                    -0.29264486823951313,
                                    0.041725040979081536,
                                    0.06456378011935049,
                                    0.09709064588148868
                                ],
                                [
                                    -1.6924779316038385,
                                    6.683150423437995,
                                    -7.015452559737634,
                                    -1.1744527647528864,
                                    -2.8893759809352426,
                                    12.47067786736136,
                                    -12.326690391900012,
                                    4.147361394116872,
                                    -1.8218093755139133,
                                    -11.827407017027946,
                                    4.194103654706638,
                                    0.2970563522087388,
                                    -8.760702820341997,
                                    5.3946983536517354,
                                    0.974080901483864,
                                    -2.642088796199283,
                                    17.259832495173917,
                                    -3.140014398128078,
                                    0.9593672671413638,
                                    -0.7520091376047047,
                                    0.44834580927360207,
                                    -0.19480592259666626,
                                    0.03831504254871685,
                                    -0.04716373079606023
                                ],
                                [
                                    1.5467761636715538,
                                    -6.536614881381804,
                                    3.982156115528727,
                                    0.5071004544116333,
                                    2.094859709554605,
                                    -12.907651820944801,
                                    13.040522737567294,
                                    -9.043156305149822,
                                    1.3183186115480983,
                                    6.223622352683453,
                                    -4.955906388379998,
                                    -1.6954131387129718,
                                    9.687162510285061,
                                    -7.35180906809552,
                                    1.4031783713385,
                                    4.148441052915101,
                                    -3.140014398128078,
                                    13.762749595929803,
                                    -1.3245285265284292,
                                    0.8242924647781068,
                                    -0.6971740821863572,
                                    0.3063948300251617,
                                    -0.12275333086282869,
                                    0.011739557566023557
                                ],
                                [
                                    -0.9275061045652508,
                                    1.8501614802482809,
                                    -0.5062506260242884,
                                    -1.4105918181238666,
                                    2.6462790543819765,
                                    1.935596348205273,
                                    -1.813037148516935,
                                    -0.7447903999553155,
                                    1.4894226890959803,
                                    -3.7210400757689737,
                                    1.2190810236715008,
                                    0.6738394014666362,
                                    -2.4197276647512664,
                                    2.6460588653195374,
                                    0.0030612207198391804,
                                    -0.30761077066411446,
                                    0.9593672671413638,
                                    -1.3245285265284292,
                                    7.20251216900782,
                                    -0.10659448071053025,
                                    0.24761955566040741,
                                    -0.3151369892131867,
                                    -0.024805595372067096,
                                    0.03648573150706094
                                ],
                                [
                                    0.391220914859499,
                                    -2.6357206668107485,
                                    0.3996204019774395,
                                    1.1385354238602514,
                                    -1.0984347724029144,
                                    -0.9190432502844924,
                                    2.2700813275330343,
                                    0.8517650085961344,
                                    -1.0301698692147296,
                                    3.1731076825979887,
                                    -0.8915216569074903,
                                    0.4291959185097467,
                                    3.2528140173161693,
                                    -1.7473615729241814,
                                    0.8454425250616701,
                                    0.07908240691409049,
                                    -0.7520091376047047,
                                    0.8242924647781068,
                                    -0.10659448071053025,
                                    4.0804042768562585,
                                    -0.2463103156402395,
                                    0.032528845540371595,
                                    -0.03233953409974497,
                                    0.032875448532888533
                                ],
                                [
                                    0.18096991938500204,
                                    1.8974130553075004,
                                    0.940647658299851,
                                    -1.5684190039020194,
                                    0.6250335926348501,
                                    0.8155392049457156,
                                    -2.563248476285403,
                                    -1.066266257858836,
                                    0.75569141936537,
                                    -3.2844927757364033,
                                    0.9842352698952215,
                                    0.4135119317268002,
                                    -2.312004198189009,
                                    1.3905794362625383,
                                    -0.467645319875179,
                                    -0.29264486823951313,
                                    0.44834580927360207,
                                    -0.6971740821863572,
                                    0.24761955566040741,
                                    -0.2463103156402395,
                                    2.132086419811488,
                                    0.04031922676049736,
                                    0.014741744347498812,
                                    -0.01845516133730855
                                ],
                                [
                                    0.3739945234350056,
                                    0.7573851170879874,
                                    0.10650286179898871,
                                    0.26243565240800154,
                                    -1.977241533741004,
                                    -0.9606333512934789,
                                    -0.436982591777795,
                                    -1.0875696837639088,
                                    0.29276596933076127,
                                    0.6637800489078737,
                                    -0.1054710711208662,
                                    -0.09757421750204451,
                                    0.48581971963937903,
                                    -1.321217742136609,
                                    0.6069431126615993,
                                    0.041725040979081536,
                                    -0.19480592259666626,
                                    0.3063948300251617,
                                    -0.3151369892131867,
                                    0.032528845540371595,
                                    0.04031922676049736,
                                    0.7763870396807243,
                                    0.02813138111825275,
                                    -0.01538231942470701
                                ],
                                [
                                    -0.013876985417553413,
                                    0.010751978369989666,
                                    0.35818733769175043,
                                    -0.33763388411808626,
                                    0.1941378167416456,
                                    -0.22052879289270566,
                                    0.015982670337384507,
                                    0.1268884243043746,
                                    0.09285293524854271,
                                    0.28960073675653564,
                                    -0.08120814274100649,
                                    -0.14759171632780718,
                                    -0.10504134704078673,
                                    0.024723176904759267,
                                    -0.1447731467653634,
                                    0.06456378011935049,
                                    0.03831504254871685,
                                    -0.12275333086282869,
                                    -0.024805595372067096,
                                    -0.03233953409974497,
                                    0.014741744347498812,
                                    0.02813138111825275,
                                    0.10199724408456345,
                                    -0.002414218795110007
                                ],
                                [
                                    -0.005685464214571724,
                                    -0.22442181458246746,
                                    0.040408283100785994,
                                    -0.014448916318738682,
                                    0.18846560975696242,
                                    -0.046337710669499856,
                                    0.14853668825129485,
                                    0.14653981627899895,
                                    -0.1070555103540457,
                                    0.3237463213962077,
                                    0.010046546312853497,
                                    0.036656977045764164,
                                    0.09404120631829957,
                                    -0.0004592471193299521,
                                    -0.051920209866683865,
                                    0.09709064588148868,
                                    -0.04716373079606023,
                                    0.011739557566023557,
                                    0.03648573150706094,
                                    0.032875448532888533,
                                    -0.01845516133730855,
                                    -0.01538231942470701,
                                    -0.002414218795110007,
                                    0.03016362612652061
                                ]
                            ]
                        ],
                        "frozen" : false
                    },
                    {
                        "class" : "Distribution",
                        "name" : "MultivariateGaussianDistribution",
                        "parameters" : [
                            [
                                14.100852492533804,
                                -29.08054703346793,
                                0.5820062310940743,
                                -10.532399750683815,
                                -6.486070635554356,
                                -7.782586762646247,
                                -0.6053217697494322,
                                -4.354941771471892,
                                -2.066187756171524,
                                1.5713757917575444,
                                -3.474975209454393,
                                -7.302001491170656,
                                1.0535272517929153,
                                -3.551049836760622,
                                -0.9451531334351999,
                                2.1070241579275453,
                                -1.1137342854692591,
                                1.4793343326862052,
                                -1.167433340424894,
                                0.5040621053796289,
                                -0.5048930085007214,
                                0.009820144420512902,
                                0.06152366822365658,
                                0.01913180099967233
                            ],
                            [
                                [
                                    4.892707976664064,
                                    -3.313828342270262,
                                    1.9121618311512731,
                                    1.6485155828507214,
                                    -6.850499042309931,
                                    -2.5067480075048247,
                                    -0.019087815943089392,
                                    0.37839936380034594,
                                    -1.7052911218763889,
                                    4.6787475401902805,
                                    -2.621361090949471,
                                    2.4586903805438234,
                                    1.9650364896397543,
                                    -1.9691948031569217,
                                    0.2510456122720188,
                                    1.444510732362719,
                                    -1.6924779316038385,
                                    1.5467761636715538,
                                    -0.9275061045652508,
                                    0.391220914859499,
                                    0.18096991938500204,
                                    0.3739945234350056,
                                    -0.013876985417553413,
                                    -0.005685464214571724
                                ],
                                [
                                    -3.313828342270262,
                                    57.676131839161926,
                                    -7.221969192628375,
                                    9.66817921057203,
                                    -25.882307568577236,
                                    9.71652957949787,
                                    -29.267714546310007,
                                    -1.5695976699409335,
                                    -5.920844212449177,
                                    -24.566850886604776,
                                    9.777649521321946,
                                    -6.214699218750383,
                                    -17.611391302816905,
