{
    "class" : "HiddenMarkovModel",
    "name" : "None",
    "start" : {
        "class" : "State",
        "distribution" : null,
        "name" : "None-start",
        "weight" : 1.0
    },
    "end" : {
        "class" : "State",
        "distribution" : null,
        "name" : "None-end",
        "weight" : 1.0
    },
    "states" : [
        {
            "class" : "State",
            "distribution" : {
                "class" : "GeneralMixtureModel",
                "distributions" : [
                    {
                        "class" : "Distribution",
                        "name" : "MultivariateGaussianDistribution",
                        "parameters" : [
                            [
                                14.215828882925262,
                                -27.84065916998146,
                                -1.613600458080848,
                                -9.653228077996008,
                                -8.78796383817981,
                                -4.9070527587108215,
                                -0.4067775552147565,
                                1.8785464919787522,
                                -3.8623955989978853,
                                2.593092386986368,
                                -1.432780536200351,
                                -7.338979973713563,
                                0.7526561467973528,
                                -2.3948748183770086,
                                -0.25066712532867014,
                                1.287693543161503,
                                -0.02364655060651742,
                                0.27868074094218626,
                                -0.9147988428512568,
                                0.46211754125737214,
                                -0.6159182300825632,
                                0.11883299096640415,
                                0.06022077994117444,
                                0.011537289062415244
                            ],
                            [
                                [
                                    6.970518677704947,
                                    -2.3318069140478634,
                                    1.434149234267393,
                                    0.4491795725916529,
                                    -5.15939999630234,
                                    3.674866764552962,
                                    -1.0305513253611864,
                                    6.669077518229859,
                                    -1.2873824368033362,
                                    3.7703501385037055,
                                    -0.6854659276497295,
                                    1.952514095321247,
                                    2.0766711469275396,
                                    -1.2899997533717737,
                                    0.4873228373015426,
                                    1.6314349084405666,
                                    -0.5436525058232097,
                                    0.9591568371630984,
                                    0.0028995095697621886,
                                    0.489007168438855,
                                    0.26243050315081573,
                                    0.3737739960407479,
                                    -0.04206129817975378,
                                    0.020043768158132375
                                ],
                                [
                                    -2.3318069140478634,
                                    74.56617234757664,
                                    -20.02220104289923,
                                    1.1049397270183174,
                                    -39.70934506658339,
                                    6.2302751628149595,
                                    -13.76588097896095,
                                    24.784517418479506,
                                    -25.140180372208125,
                                    -18.939557280356958,
                                    17.26225985605359,
                                    -20.076807425874236,
                                    -5.974655697301139,
                                    -1.3719471556646285,
                                    -4.1702691773757685,
                                    -7.468264114287275,
                                    -1.6236902015093386,
                                    -2.505817104457416,
                                    -3.3137650001741425,
                                    -2.3807891408774227,
                                    1.0040210430440055,
                                    0.5249903066983209,
                                    0.04772449692979856,
                                    -0.13299449465926197
                                ],
                                [
                                    1.434149234267393,
                                    -20.02220104289923,
                                    67.19064828771502,
                                    -0.3251119515523309,
                                    45.61831362283847,
                                    -1.6037901134010988,
                                    9.803432991544453,
                                    -20.129727636492056,
                                    18.397079033434707,
                                    -1.915809274280492,
                                    -3.6973288316278308,
                                    1.88638555356298,
                                    5.350910097398707,
                                    -1.3634596842754996,
                                    -2.028886114844626,
                                    4.948338282250832,
                                    -6.0639884103410004,
                                    1.0213461464725588,
                                    1.5819492301901075,
                                    -0.6063247795134538,
                                    0.3909841698494927,
                                    -0.4867713514294542,
                                    0.2516596626766054,
                                    0.048886502462496144
                                ],
                                [
                                    0.4491795725916529,
                                    1.1049397270183174,
                                    -0.3251119515523309,
                                    67.74124444803134,
                                    -10.350223695397187,
                                    27.636741540854505,
                                    -17.346649560984417,
                                    10.871928598646807,
                                    -20.572034370206822,
                                    5.2333357533553535,
                                    1.1855151661230636,
                                    14.851150643278464,
                                    -1.7417188150796779,
                                    1.5983542482145912,
                                    -7.276455322813062,
                                    -1.6647641577442973,
                                    3.751141442976109,
                                    -1.350582513138134,
                                    -2.713981580920393,
                                    0.20796725827035578,
                                    -1.543249214197215,
                                    0.06860377855655966,
                                    -0.07174173072340354,
                                    0.11256533295179576
                                ],
                                [
                                    -5.15939999630234,
                                    -39.70934506658339,
                                    45.61831362283847,
                                    -10.350223695397187,
                                    127.2197372582871,
                                    -25.41405933783979,
                                    51.49539663751294,
                                    -45.482290948502566,
                                    56.540282445595366,
                                    -1.6359872867439875,
                                    -5.160031818303736,
                                    15.812448225286767,
                                    3.1468356522132637,
                                    7.727035929260181,
                                    9.240927224770184,
                                    2.7032430498106037,
                                    -4.429148200299374,
                                    0.9126276510752485,
                                    6.604333957601458,
                                    0.784085886117401,
                                    1.7552690217224747,
                                    -0.6081759116562482,
                                    0.2667334779087286,
                                    -0.0023084870043470077
                                ],
                                [
                                    3.674866764552962,
                                    6.2302751628149595,
                                    -1.6037901134010988,
                                    27.636741540854505,
                                    -25.41405933783979,
                                    123.8808685200389,
                                    -74.10963397074875,
                                    30.876458567750884,
                                    -6.299789690900045,
                                    -28.04812779460479,
                                    15.672601043353465,
                                    23.15207659220818,
                                    -22.0474886933402,
                                    12.54195352104912,
                                    -6.81688412115333,
                                    -4.457235715899447,
                                    1.047662718232244,
                                    -6.703619869838334,
                                    3.1473839857826125,
                                    -4.033867884856852,
                                    4.4948474170900745,
                                    -0.6108646401646978,
                                    -0.5390911228101343,
                                    -0.12768072652798548
                                ],
                                [
                                    -1.0305513253611864,
                                    -13.76588097896095,
                                    9.803432991544453,
                                    -17.346649560984417,
                                    51.49539663751294,
                                    -74.10963397074875,
                                    135.67877333917588,
                                    -24.054847226545085,
                                    26.72480056405686,
                                    39.04562364684631,
                                    -16.87461614823523,
                                    -17.466351682631423,
                                    31.81998680132722,
                                    -9.461139301144232,
                                    14.259592342407435,
                                    7.1611002691750425,
                                    -1.746806658042618,
                                    5.280385854252442,
                                    -2.1024801191661595,
                                    3.7708807934090163,
                                    -3.3491077573594477,
                                    1.1255551662446397,
                                    0.40585540903422496,
                                    0.12415483650774335
                                ],
                                [
                                    6.669077518229859,
                                    24.784517418479506,
                                    -20.129727636492056,
                                    10.871928598646807,
                                    -45.482290948502566,
                                    30.876458567750884,
                                    -24.054847226545085,
                                    73.52852932606491,
                                    -18.373442862767615,
                                    -1.4315127280757427,
                                    10.493336155428343,
                                    -6.460297378776584,
                                    -5.292126915743077,
                                    0.37464557913468816,
                                    -1.9382043132429188,
                                    -4.067102326291932,
                                    2.819462540570113,
                                    -0.5026387889414058,
                                    -1.9101288454213388,
                                    0.6598007794803245,
                                    0.7330618266776958,
                                    0.2700309352334518,
                                    -0.07439117235183951,
                                    -0.0320285097845018
                                ],
                                [
                                    -1.2873824368033362,
                                    -25.140180372208125,
                                    18.397079033434707,
                                    -20.572034370206822,
                                    56.540282445595366,
                                    -6.299789690900045,
                                    26.72480056405686,
                                    -18.373442862767615,
                                    88.52203747474725,
                                    -4.162106764049309,
                                    -4.899793627966528,
                                    13.53020575167463,
                                    -2.742800812976567,
                                    5.600731883427239,
                                    9.741636747972654,
                                    5.190908535944402,
                                    -0.9316592831196652,
                                    0.5392539481780635,
                                    4.3676748862347665,
                                    -0.06619353857913977,
                                    2.0102407429221656,
                                    -0.11214637720914039,
                                    -0.06522691323049508,
                                    -0.15995400955374903
                                ],
                                [
                                    3.7703501385037055,
                                    -18.939557280356958,
                                    -1.915809274280492,
                                    5.2333357533553535,
                                    -1.6359872867439875,
                                    -28.04812779460479,
                                    39.04562364684631,
                                    -1.4315127280757427,
                                    -4.162106764049309,
                                    82.25453955642193,
                                    -19.49070850174477,
                                    0.3469249870813302,
                                    14.495300255389752,
                                    -11.57861141840871,
                                    6.7334952134388315,
                                    5.129695276000979,
                                    4.380163340682059,
                                    1.7276221849504894,
                                    -4.3596090327298915,
                                    2.9767815872945036,
                                    -3.0977599868607397,
                                    1.1469349979321566,
                                    0.2579769361313693,
                                    0.2596846959959316
                                ],
                                [
                                    -0.6854659276497295,
                                    17.26225985605359,
                                    -3.6973288316278308,
                                    1.1855151661230636,
                                    -5.160031818303736,
                                    15.672601043353465,
                                    -16.87461614823523,
                                    10.493336155428343,
                                    -4.899793627966528,
                                    -19.49070850174477,
                                    68.13352564338281,
                                    -12.037292890644402,
                                    -3.2326770906975426,
                                    3.0617003494394965,
                                    -10.10225067200904,
                                    -2.392997685589101,
                                    -4.596331610004445,
                                    -0.5908657457159064,
                                    -0.0499574067260456,
                                    -0.49412931416902833,
                                    1.6156053599015894,
                                    -0.7087651119288796,
                                    -0.12466733301042626,
                                    0.024935391310979545
                                ],
                                [
                                    1.952514095321247,
                                    -20.076807425874236,
                                    1.88638555356298,
                                    14.851150643278464,
                                    15.812448225286767,
                                    23.15207659220818,
                                    -17.466351682631423,
                                    -6.460297378776584,
                                    13.53020575167463,
                                    0.3469249870813302,
                                    -12.037292890644402,
                                    68.66193249818636,
                                    -8.507522777089147,
                                    8.554156386390273,
                                    3.2860202445309667,
                                    -0.9713128995787456,
                                    3.4742027734347265,
                                    -0.8970296358491258,
                                    4.458885040635935,
                                    -1.4938869324540922,
                                    1.0364643847170725,
                                    0.19535568680483456,
                                    -0.14288897822799437,
                                    0.033240172587619465
                                ],
                                [
                                    2.0766711469275396,
                                    -5.974655697301139,
                                    5.350910097398707,
                                    -1.7417188150796779,
                                    3.1468356522132637,
                                    -22.0474886933402,
                                    31.81998680132722,
                                    -5.292126915743077,
                                    -2.742800812976567,
                                    14.495300255389752,
                                    -3.2326770906975426,
                                    -8.507522777089147,
                                    51.8219734930837,
                                    -6.2707649720417615,
                                    2.4769231431180265,
                                    4.364226056570143,
                                    -1.323856219390446,
                                    3.5611647804688933,
                                    -0.9700518278660598,
                                    1.9527836580459084,
                                    -1.9155195596387762,
                                    0.3130193107705402,
                                    0.13593156253127142,
                                    0.1198236908098489
                                ],
                                [
                                    -1.2899997533717737,
                                    -1.3719471556646285,
                                    -1.3634596842754996,
                                    1.5983542482145912,
                                    7.727035929260181,
                                    12.54195352104912,
                                    -9.461139301144232,
                                    0.37464557913468816,
                                    5.600731883427239,
                                    -11.57861141840871,
                                    3.0617003494394965,
                                    8.554156386390273,
                                    -6.2707649720417615,
                                    35.30195004916958,
                                    2.643396992569225,
                                    -0.8453916788616661,
                                    0.054408440089008726,
                                    -2.239655413040467,
                                    2.870762293074034,
                                    -2.092300662049375,
                                    1.9273605866732366,
                                    -0.4280745222039467,
                                    -0.09290628003991586,
                                    -0.06385001079346563
                                ],
                                [
                                    0.4873228373015426,
                                    -4.1702691773757685,
                                    -2.028886114844626,
                                    -7.276455322813062,
                                    9.240927224770184,
                                    -6.81688412115333,
                                    14.259592342407435,
                                    -1.9382043132429188,
                                    9.741636747972654,
                                    6.7334952134388315,
                                    -10.10225067200904,
                                    3.2860202445309667,
                                    2.4769231431180265,
                                    2.643396992569225,
                                    32.57797649210112,
                                    4.552361575929222,
                                    3.30707651658128,
                                    0.2382544523871856,
                                    1.2804068943795297,
                                    -0.10123509047098295,
                                    0.7335160456286041,
                                    0.8673503418483302,
                                    -0.043053716274845805,
                                    -0.067137584483353
                                ],
                                [
                                    1.6314349084405666,
                                    -7.468264114287275,
                                    4.948338282250832,
                                    -1.6647641577442973,
                                    2.7032430498106037,
                                    -4.457235715899447,
                                    7.1611002691750425,
                                    -4.067102326291932,
                                    5.190908535944402,
                                    5.129695276000979,
                                    -2.392997685589101,
                                    -0.9713128995787456,
                                    4.364226056570143,
                                    -0.8453916788616661,
                                    4.552361575929222,
                                    23.533155710191412,
                                    3.0477967918324746,
                                    0.49177917780824115,
                                    0.512756520775235,
                                    0.14420683034825227,
                                    -0.005124998776760559,
                                    0.3576714992907572,
                                    -0.02436647695329832,
                                    0.0015039460293386638
                                ],
                                [
                                    -0.5436525058232097,
                                    -1.6236902015093386,
                                    -6.0639884103410004,
                                    3.751141442976109,
                                    -4.429148200299374,
                                    1.047662718232244,
                                    -1.746806658042618,
                                    2.819462540570113,
                                    -0.9316592831196652,
                                    4.380163340682059,
                                    -4.596331610004445,
                                    3.4742027734347265,
                                    -1.323856219390446,
                                    0.054408440089008726,
                                    3.30707651658128,
                                    3.0477967918324746,
                                    15.657434788090521,
                                    1.0046096424166213,
                                    -0.2268482696717597,
                                    0.1074427178109356,
                                    -0.23811247133773925,
                                    0.3164550262474586,
                                    -0.05411194885658973,
                                    -0.03451853817922216
                                ],
                                [
                                    0.9591568371630984,
                                    -2.505817104457416,
                                    1.0213461464725588,
                                    -1.350582513138134,
                                    0.9126276510752485,
                                    -6.703619869838334,
                                    5.280385854252442,
                                    -0.5026387889414058,
                                    0.5392539481780635,
                                    1.7276221849504894,
                                    -0.5908657457159064,
                                    -0.8970296358491258,
                                    3.5611647804688933,
                                    -2.239655413040467,
                                    0.2382544523871856,
                                    0.49177917780824115,
                                    1.0046096424166213,
                                    10.492623648637208,
                                    0.11303605175413974,
                                    0.3741066172684247,
                                    -0.33296455562435184,
                                    -0.017049417268738196,
                                    0.04543522214750954,
                                    0.05245875181700337
                                ],
                                [
                                    0.0028995095697621886,
                                    -3.3137650001741425,
                                    1.5819492301901075,
                                    -2.713981580920393,
                                    6.604333957601458,
                                    3.1473839857826125,
                                    -2.1024801191661595,
                                    -1.9101288454213388,
                                    4.3676748862347665,
                                    -4.3596090327298915,
                                    -0.0499574067260456,
                                    4.458885040635935,
                                    -0.9700518278660598,
                                    2.870762293074034,
                                    1.2804068943795297,
                                    0.512756520775235,
                                    -0.2268482696717597,
                                    0.11303605175413974,
                                    7.925004148383836,
                                    0.26368574795858885,
                                    0.9147801017208095,
                                    -0.1321792641529867,
                                    -0.04317166057339079,
                                    -0.019954010402673472
                                ],
                                [
                                    0.489007168438855,
                                    -2.3807891408774227,
                                    -0.6063247795134538,
                                    0.20796725827035578,
                                    0.784085886117401,
                                    -4.033867884856852,
                                    3.7708807934090163,
                                    0.6598007794803245,
                                    -0.06619353857913977,
                                    2.9767815872945036,
                                    -0.49412931416902833,
                                    -1.4938869324540922,
                                    1.9527836580459084,
                                    -2.092300662049375,
                                    -0.10123509047098295,
                                    0.14420683034825227,
                                    0.1074427178109356,
                                    0.3741066172684247,
                                    0.26368574795858885,
                                    4.091864900673906,
                                    -0.17677078518519532,
                                    -0.019668571033617074,
                                    0.013067266412874862,
                                    0.015953175628487495
                                ],
                                [
                                    0.26243050315081573,
                                    1.0040210430440055,
                                    0.3909841698494927,
                                    -1.543249214197215,
                                    1.7552690217224747,
                                    4.4948474170900745,
                                    -3.3491077573594477,
                                    0.7330618266776958,
                                    2.0102407429221656,
                                    -3.0977599868607397,
                                    1.6156053599015894,
                                    1.0364643847170725,
                                    -1.9155195596387762,
                                    1.9273605866732366,
                                    0.7335160456286041,
                                    -0.005124998776760559,
                                    -0.23811247133773925,
                                    -0.33296455562435184,
                                    0.9147801017208095,
                                    -0.17677078518519532,
                                    2.3088089027509793,
                                    0.10122672830262042,
                                    -0.035932150906843215,
                                    -0.034728255941477056
                                ],
                                [
                                    0.3737739960407479,
                                    0.5249903066983209,
                                    -0.4867713514294542,
                                    0.06860377855655966,
                                    -0.6081759116562482,
                                    -0.6108646401646978,
                                    1.1255551662446397,
                                    0.2700309352334518,
                                    -0.11214637720914039,
                                    1.1469349979321566,
                                    -0.7087651119288796,
                                    0.19535568680483456,
                                    0.3130193107705402,
                                    -0.4280745222039467,
                                    0.8673503418483302,
                                    0.3576714992907572,
                                    0.3164550262474586,
                                    -0.017049417268738196,
                                    -0.1321792641529867,
                                    -0.019668571033617074,
                                    0.10122672830262042,
                                    0.7380564288175647,
                                    0.046168130535651546,
                                    -0.011243579147677816
                                ],
                                [
                                    -0.04206129817975378,
                                    0.04772449692979856,
                                    0.2516596626766054,
                                    -0.07174173072340354,
                                    0.2667334779087286,
                                    -0.5390911228101343,
                                    0.40585540903422496,
                                    -0.07439117235183951,
                                    -0.06522691323049508,
                                    0.2579769361313693,
                                    -0.12466733301042626,
                                    -0.14288897822799437,
                                    0.13593156253127142,
                                    -0.09290628003991586,
                                    -0.043053716274845805,
                                    -0.02436647695329832,
                                    -0.05411194885658973,
                                    0.04543522214750954,
                                    -0.04317166057339079,
                                    0.013067266412874862,
                                    -0.035932150906843215,
                                    0.046168130535651546,
                                    0.10069171878113084,
                                    -0.007223055271994585
                                ],
                                [
                                    0.020043768158132375,
                                    -0.13299449465926197,
                                    0.048886502462496144,
                                    0.11256533295179576,
                                    -0.0023084870043470077,
                                    -0.12768072652798548,
                                    0.12415483650774335,
                                    -0.0320285097845018,
                                    -0.15995400955374903,
                                    0.2596846959959316,
                                    0.024935391310979545,
                                    0.033240172587619465,
                                    0.1198236908098489,
                                    -0.06385001079346563,
                                    -0.067137584483353,
                                    0.0015039460293386638,
                                    -0.03451853817922216,
                                    0.05245875181700337,
                                    -0.019954010402673472,
                                    0.015953175628487495,
                                    -0.034728255941477056,
                                    -0.011243579147677816,
                                    -0.007223055271994585,
                                    0.030207892026432932
                                ]
                            ]
                        ],
                        "frozen" : false
                    },
                    {
                        "class" : "Distribution",
                        "name" : "MultivariateGaussianDistribution",
                        "parameters" : [
                            [
                                14.215828882925262,
                                -27.84065916998146,
                                -1.613600458080848,
                                -9.653228077996008,
                                -8.78796383817981,
                                -4.9070527587108215,
                                -0.4067775552147565,
                                1.8785464919787522,
                                -3.8623955989978853,
                                2.593092386986368,
                                -1.432780536200351,
                                -7.338979973713563,
                                0.7526561467973528,
                                -2.3948748183770086,
                                -0.25066712532867014,
                                1.287693543161503,
                                -0.02364655060651742,
                                0.27868074094218626,
                                -0.9147988428512568,
                                0.46211754125737214,
                                -0.6159182300825632,
                                0.11883299096640415,
                                0.06022077994117444,
                                0.011537289062415244
                            ],
                            [
                                [
                                    6.970518677704947,
                                    -2.3318069140478634,
                                    1.434149234267393,
                                    0.4491795725916529,
                                    -5.15939999630234,
                                    3.674866764552962,
                                    -1.0305513253611864,
                                    6.669077518229859,
                                    -1.2873824368033362,
                                    3.7703501385037055,
                                    -0.6854659276497295,
                                    1.952514095321247,
                                    2.0766711469275396,
                                    -1.2899997533717737,
                                    0.4873228373015426,
                                    1.6314349084405666,
                                    -0.5436525058232097,
                                    0.9591568371630984,
                                    0.0028995095697621886,
                                    0.489007168438855,
                                    0.26243050315081573,
                                    0.3737739960407479,
                                    -0.04206129817975378,
                                    0.020043768158132375
                                ],
                                [
                                    -2.3318069140478634,
                                    74.56617234757664,
                                    -20.02220104289923,
                                    1.1049397270183174,
                                    -39.70934506658339,
                                    6.2302751628149595,
                                    -13.76588097896095,
                                    24.784517418479506,
                                    -25.140180372208125,
                                    -18.939557280356958,
                                    17.26225985605359,
                                    -20.076807425874236,
