{
    "class" : "HiddenMarkovModel",
    "name" : "None",
    "start" : {
        "class" : "State",
        "distribution" : null,
        "name" : "None-start",
        "weight" : 1.0
    },
    "end" : {
        "class" : "State",
        "distribution" : null,
        "name" : "None-end",
        "weight" : 1.0
    },
    "states" : [
        {
            "class" : "State",
            "distribution" : {
                "class" : "GeneralMixtureModel",
                "distributions" : [
                    {
                        "class" : "Distribution",
                        "name" : "MultivariateGaussianDistribution",
                        "parameters" : [
                            [
                                15.526702965928553,
                                -26.211583317993526,
                                5.1595381632540915,
                                -8.402325500344713,
                                -17.47650794927903,
                                -3.8240351568770565,
                                -2.8931036395412426,
                                -1.548399966463622,
                                -1.211343233898281,
                                3.8811475902389088,
                                1.4918711227357526,
                                -8.394531083868358,
                                3.668106545590224,
                                -4.801965316634042,
                                -3.979218129569416,
                                5.054524195205636,
                                -5.372841808501226,
                                3.0057762338779432,
                                -0.16037362086964196,
                                -0.09568240075446775,
                                -0.03448594637973522,
                                0.25320833150798017,
                                -0.11476610915483094,
                                -0.0029004242595511804
                            ],
                            [
                                [
                                    10.48903739032644,
                                    -11.434361489301969,
                                    12.831714886061699,
                                    -2.6868540055520294,
                                    -13.711225005740626,
                                    6.721923784346122,
                                    0.2903321820026509,
                                    4.262650554747189,
                                    -1.1738007236016819,
                                    6.742560488753002,
                                    1.40775906755396,
                                    -2.7015881389100276,
                                    4.746340549625279,
                                    1.5254838798441042,
                                    -6.242560385075441,
                                    6.333717941813641,
                                    -7.409965586884387,
                                    -0.06157638046886354,
                                    0.6088981979710308,
                                    0.18264008770134496,
                                    0.5033963009027567,
                                    0.532917342310432,
                                    0.0669690063242288,
                                    -0.014640091426949647
                                ],
                                [
                                    -11.434361489301969,
                                    83.73173857922647,
                                    -2.041883274632347,
                                    33.14978751134135,
                                    4.854211826256233,
                                    -43.811658505900624,
                                    -21.94767105805344,
                                    -14.641684466817463,
                                    -21.244571674699923,
                                    -26.725127762613432,
                                    -14.301792102235778,
                                    5.262875572810879,
                                    -36.49086513743501,
                                    7.775925600203277,
                                    -3.9547612355820525,
                                    -14.691888831765878,
                                    17.413275621137274,
                                    -7.9548621351238795,
                                    1.5908124563213049,
                                    -1.1816658675828997,
                                    -0.9108135478032652,
                                    0.14721871937492345,
                                    0.4030082733810145,
                                    -0.07514723100889482
                                ],
                                [
                                    12.831714886061699,
                                    -2.041883274632347,
                                    89.60096287108172,
                                    4.894482412456786,
                                    -27.744578144862228,
                                    10.360875126075692,
                                    -2.9214347714688595,
                                    -29.07705977675457,
                                    18.099402228957903,
                                    -11.291680109677925,
                                    9.922120927928855,
                                    -36.53378840978841,
                                    23.80543996548442,
                                    -20.636144327206125,
                                    -13.634759081967005,
                                    14.422331656227204,
                                    -26.58476143522138,
                                    6.1388357894824415,
                                    -4.040117391808468,
                                    0.3381665495205661,
                                    1.1354454918436478,
                                    1.4114429145495115,
                                    -0.06161208642645332,
                                    -0.5465714869728729
                                ],
                                [
                                    -2.6868540055520294,
                                    33.14978751134135,
                                    4.894482412456786,
                                    135.35569738925574,
                                    -22.767924590216253,
                                    7.910593880750239,
                                    -3.4808414184737377,
                                    -0.3187740988193192,
                                    -46.62021293425065,
                                    -15.477440353546816,
                                    -17.040309553858695,
                                    -9.075557032989282,
                                    -24.24941934313609,
                                    34.23241384786653,
                                    -33.62345989376177,
                                    9.872040530255843,
                                    15.900177710695838,
                                    -13.094235008302478,
                                    4.962404429420546,
                                    -3.161570559608887,
                                    -2.176624395071508,
                                    0.6934599615340152,
                                    0.17062739244424888,
                                    0.03688459907411138
                                ],
                                [
                                    -13.711225005740626,
                                    4.854211826256233,
                                    -27.744578144862228,
                                    -22.767924590216253,
                                    188.44676083583536,
                                    -49.330421116849486,
                                    33.25576845534691,
                                    18.976893667353472,
                                    1.8868922765350682,
                                    -29.531597568113117,
                                    -28.780711895659582,
                                    42.59202563671313,
                                    -17.991981330606126,
                                    6.256524778855848,
                                    61.320669384106615,
                                    -33.42600616945937,
                                    27.724291529887175,
                                    6.981947573506246,
                                    -8.35228367914315,
                                    9.331372294819563,
                                    -3.073252503519384,
                                    -1.8701354401962933,
                                    0.4251317158763346,
                                    0.5287888580485248
                                ],
                                [
                                    6.721923784346122,
                                    -43.811658505900624,
                                    10.360875126075692,
                                    7.910593880750239,
                                    -49.330421116849486,
                                    193.71182738729132,
                                    -35.417755481114106,
                                    34.962392638776244,
                                    -0.37890121950556876,
                                    1.3147010863854025,
                                    12.023698331630927,
                                    -20.153641742016813,
                                    37.03352651468842,
                                    4.992844045895211,
                                    -15.924283013901757,
                                    18.893494312366233,
                                    -11.076847560894286,
                                    -4.544412199885732,
                                    4.316037321298502,
                                    -6.421183746468101,
                                    -1.2550112749614044,
                                    -0.7949560540073338,
                                    -0.6868231970944492,
                                    0.033363806257039115
                                ],
                                [
                                    0.2903321820026509,
                                    -21.94767105805344,
                                    -2.9214347714688595,
                                    -3.4808414184737377,
                                    33.25576845534691,
                                    -35.417755481114106,
                                    115.80757080370154,
                                    -18.2996333098333,
                                    21.604301189069545,
                                    20.631603344707138,
                                    14.183646793197662,
                                    -9.35558083785125,
                                    22.067874538696007,
                                    -6.782222240869809,
                                    0.3144116229232133,
                                    11.545379319585948,
                                    -1.6344027106181227,
                                    10.164500939962739,
                                    -3.178428829576002,
                                    2.310898108510649,
                                    0.986632505088571,
                                    -0.1641335092517814,
                                    -0.3140924604745363,
                                    0.07463746774416083
                                ],
                                [
                                    4.262650554747189,
                                    -14.641684466817463,
                                    -29.07705977675457,
                                    -0.3187740988193192,
                                    18.976893667353472,
                                    34.962392638776244,
                                    -18.2996333098333,
                                    94.16647921370628,
                                    -19.497738746843247,
                                    6.984976855318101,
                                    -6.58898411330428,
                                    22.152119422884468,
                                    -11.45292900296013,
                                    18.053712152147117,
                                    12.253106501558456,
                                    -8.889989669132632,
                                    13.09941933800827,
                                    -3.8091820924558086,
                                    5.190610052423513,
                                    0.2810693397279915,
                                    -0.3488107148483905,
                                    -1.1007833818456794,
                                    0.20437393089142583,
                                    0.40832345647822393
                                ],
                                [
                                    -1.1738007236016819,
                                    -21.244571674699923,
                                    18.099402228957903,
                                    -46.62021293425065,
                                    1.8868922765350682,
                                    -0.37890121950556876,
                                    21.604301189069545,
                                    -19.497738746843247,
                                    96.54749842943308,
                                    4.893719357956843,
                                    40.16467622321266,
                                    -21.359431558169526,
                                    38.236215399844916,
                                    -38.05916067655979,
                                    13.26809642789665,
                                    -2.308847462500548,
                                    -16.702959475947228,
                                    10.198563255114811,
                                    -3.032836312157528,
                                    0.8403002381097056,
                                    1.8424291562470476,
                                    0.9398530449600776,
                                    -0.6531531677116542,
                                    -0.400358430051324
                                ],
                                [
                                    6.742560488753002,
                                    -26.725127762613432,
                                    -11.291680109677925,
                                    -15.477440353546816,
                                    -29.531597568113117,
                                    1.3147010863854025,
                                    20.631603344707138,
                                    6.984976855318101,
                                    4.893719357956843,
                                    87.22620614164529,
                                    0.5083455542945355,
                                    4.674999684409273,
                                    6.2593494685449045,
                                    0.6019615506934254,
                                    -5.693057283749703,
                                    4.104996312100549,
                                    -7.758980592021764,
                                    3.2065122857398607,
                                    -0.5570776091978535,
                                    -0.5177871764889939,
                                    1.336132471939545,
                                    -0.03823159758710057,
                                    0.3376982208530694,
                                    0.14362663782562965
                                ],
                                [
                                    1.40775906755396,
                                    -14.301792102235778,
                                    9.922120927928855,
                                    -17.040309553858695,
                                    -28.780711895659582,
                                    12.023698331630927,
                                    14.183646793197662,
                                    -6.58898411330428,
                                    40.16467622321266,
                                    0.5083455542945355,
                                    101.13453517986187,
                                    -29.999410613671902,
                                    42.47913602763579,
                                    -12.374627364127031,
                                    -15.019887280199292,
                                    8.180072791220448,
                                    -13.50963651175061,
                                    -2.1197974724522575,
                                    3.4258284945190938,
                                    -3.226858592764617,
                                    2.223376050139674,
                                    0.9930680326000884,
                                    -0.15291942078010282,
                                    -0.3326349990521026
                                ],
                                [
                                    -2.7015881389100276,
                                    5.262875572810879,
                                    -36.53378840978841,
                                    -9.075557032989282,
                                    42.59202563671313,
                                    -20.153641742016813,
                                    -9.35558083785125,
                                    22.152119422884468,
                                    -21.359431558169526,
                                    4.674999684409273,
                                    -29.999410613671902,
                                    92.294586431441,
                                    -35.368881071149296,
                                    18.922866000362017,
                                    16.422555713194953,
                                    -18.94135725708495,
                                    18.258126559182017,
                                    -5.892005747976535,
                                    0.14515235589597983,
                                    2.7312631995613774,
                                    0.18453598468034108,
                                    -0.7987744229796506,
                                    0.6807908473050426,
                                    0.5134017852162485
                                ],
                                [
                                    4.746340549625279,
                                    -36.49086513743501,
                                    23.80543996548442,
                                    -24.24941934313609,
                                    -17.991981330606126,
                                    37.03352651468842,
                                    22.067874538696007,
                                    -11.45292900296013,
                                    38.236215399844916,
                                    6.2593494685449045,
                                    42.47913602763579,
                                    -35.368881071149296,
                                    95.65976127395383,
                                    -35.402532431264774,
                                    0.6534824992406569,
                                    14.434409247335807,
                                    -30.074473941298066,
                                    9.006849947910116,
                                    -1.932022730010435,
                                    -0.852897406426672,
                                    2.198444689083879,
                                    0.9874475123677947,
                                    -0.5754771695493561,
                                    -0.4517528468927361
                                ],
                                [
                                    1.5254838798441042,
                                    7.775925600203277,
                                    -20.636144327206125,
                                    34.23241384786653,
                                    6.256524778855848,
                                    4.992844045895211,
                                    -6.782222240869809,
                                    18.053712152147117,
                                    -38.05916067655979,
                                    0.6019615506934254,
                                    -12.374627364127031,
                                    18.922866000362017,
                                    -35.402532431264774,
                                    88.96339758793752,
                                    -24.594660804869083,
                                    4.452548485510409,
                                    18.870789023694943,
                                    -15.158989506946087,
                                    4.992614117808786,
                                    -1.4097043682811776,
                                    -2.1650902531708565,
                                    -1.0724993114021155,
                                    0.8462824259263458,
                                    0.4800349722892862
                                ],
                                [
                                    -6.242560385075441,
                                    -3.9547612355820525,
                                    -13.634759081967005,
                                    -33.62345989376177,
                                    61.320669384106615,
                                    -15.924283013901757,
                                    0.3144116229232133,
                                    12.253106501558456,
                                    13.26809642789665,
                                    -5.693057283749703,
                                    -15.019887280199292,
                                    16.422555713194953,
                                    0.6534824992406569,
                                    -24.594660804869083,
                                    77.6629277988099,
                                    -25.55762099422771,
                                    8.906817173751133,
                                    8.834836566990166,
                                    -6.535694884141828,
                                    4.327105768625801,
                                    0.34495124799674853,
                                    -0.4827315706483224,
                                    -0.3012666906497506,
                                    0.09484111249094362
                                ],
                                [
                                    6.333717941813641,
                                    -14.691888831765878,
                                    14.422331656227204,
                                    9.872040530255843,
                                    -33.42600616945937,
                                    18.893494312366233,
                                    11.545379319585948,
                                    -8.889989669132632,
                                    -2.308847462500548,
                                    4.104996312100549,
                                    8.180072791220448,
                                    -18.94135725708495,
                                    14.434409247335807,
                                    4.452548485510409,
                                    -25.55762099422771,
                                    39.961013898184895,
                                    -12.476412252568796,
                                    0.4765029618751028,
                                    1.2215551508372013,
                                    -2.6489509770572375,
                                    0.09507653560178858,
                                    -0.23475719561001887,
                                    -0.16364777829726154,
                                    -0.09690384436510385
                                ],
                                [
                                    -7.409965586884387,
                                    17.413275621137274,
                                    -26.58476143522138,
                                    15.900177710695838,
                                    27.724291529887175,
                                    -11.076847560894286,
                                    -1.6344027106181227,
                                    13.09941933800827,
                                    -16.702959475947228,
                                    -7.758980592021764,
                                    -13.50963651175061,
                                    18.258126559182017,
                                    -30.074473941298066,
                                    18.870789023694943,
                                    8.906817173751133,
                                    -12.476412252568796,
                                    36.54408677554239,
                                    -6.225109588426143,
                                    1.5352383171979724,
                                    0.8644383136146222,
                                    -1.927657375786319,
                                    -0.6829989555846907,
                                    0.055167547695430086,
                                    0.287098109272134
                                ],
                                [
                                    -0.06157638046886354,
                                    -7.9548621351238795,
                                    6.1388357894824415,
                                    -13.094235008302478,
                                    6.981947573506246,
                                    -4.544412199885732,
                                    10.164500939962739,
                                    -3.8091820924558086,
                                    10.198563255114811,
                                    3.2065122857398607,
                                    -2.1197974724522575,
                                    -5.892005747976535,
                                    9.006849947910116,
                                    -15.158989506946087,
                                    8.834836566990166,
                                    0.4765029618751028,
                                    -6.225109588426143,
                                    18.131781681059312,
                                    -2.631673204050113,
                                    1.351065853489689,
                                    0.9763411428866217,
                                    -0.534419633080299,
                                    -0.20135209584618133,
                                    -0.07789644773007488
                                ],
                                [
                                    0.6088981979710308,
                                    1.5908124563213049,
                                    -4.040117391808468,
                                    4.962404429420546,
                                    -8.35228367914315,
                                    4.316037321298502,
                                    -3.178428829576002,
                                    5.190610052423513,
                                    -3.032836312157528,
                                    -0.5570776091978535,
                                    3.4258284945190938,
                                    0.14515235589597983,
                                    -1.932022730010435,
                                    4.992614117808786,
                                    -6.535694884141828,
                                    1.2215551508372013,
                                    1.5352383171979724,
                                    -2.631673204050113,
                                    8.778394074207439,
                                    -1.1892050672949888,
                                    0.3332969045136493,
                                    -0.11735687581328862,
                                    -0.017110096421706918,
                                    0.06536405724734869
                                ],
                                [
                                    0.18264008770134496,
                                    -1.1816658675828997,
                                    0.3381665495205661,
                                    -3.161570559608887,
                                    9.331372294819563,
                                    -6.421183746468101,
                                    2.310898108510649,
                                    0.2810693397279915,
                                    0.8403002381097056,
                                    -0.5177871764889939,
                                    -3.226858592764617,
                                    2.7312631995613774,
                                    -0.852897406426672,
                                    -1.4097043682811776,
                                    4.327105768625801,
                                    -2.6489509770572375,
                                    0.8644383136146222,
                                    1.351065853489689,
                                    -1.1892050672949888,
                                    4.820856747245749,
                                    0.09902889622936238,
                                    0.01739838919328644,
                                    -0.038836868721228456,
                                    0.03752976381053523
                                ],
                                [
                                    0.5033963009027567,
                                    -0.9108135478032652,
                                    1.1354454918436478,
                                    -2.176624395071508,
                                    -3.073252503519384,
                                    -1.2550112749614044,
                                    0.986632505088571,
                                    -0.3488107148483905,
                                    1.8424291562470476,
                                    1.336132471939545,
                                    2.223376050139674,
                                    0.18453598468034108,
                                    2.198444689083879,
                                    -2.1650902531708565,
                                    0.34495124799674853,
                                    0.09507653560178858,
                                    -1.927657375786319,
                                    0.9763411428866217,
                                    0.3332969045136493,
                                    0.09902889622936238,
                                    2.134899158295948,
                                    0.12522615405699974,
                                    -0.015749429978848543,
                                    -0.0109986794333745
                                ],
                                [
                                    0.532917342310432,
                                    0.14721871937492345,
                                    1.4114429145495115,
                                    0.6934599615340152,
                                    -1.8701354401962933,
                                    -0.7949560540073338,
                                    -0.1641335092517814,
                                    -1.1007833818456794,
                                    0.9398530449600776,
                                    -0.03823159758710057,
                                    0.9930680326000884,
                                    -0.7987744229796506,
                                    0.9874475123677947,
                                    -1.0724993114021155,
                                    -0.4827315706483224,
                                    -0.23475719561001887,
                                    -0.6829989555846907,
                                    -0.534419633080299,
                                    -0.11735687581328862,
                                    0.01739838919328644,
                                    0.12522615405699974,
                                    0.7623514407072809,
                                    0.021273024863507215,
                                    -0.01693474855616709
                                ],
                                [
                                    0.0669690063242288,
                                    0.4030082733810145,
                                    -0.06161208642645332,
                                    0.17062739244424888,
                                    0.4251317158763346,
                                    -0.6868231970944492,
                                    -0.3140924604745363,
                                    0.20437393089142583,
                                    -0.6531531677116542,
                                    0.3376982208530694,
                                    -0.15291942078010282,
                                    0.6807908473050426,
                                    -0.5754771695493561,
                                    0.8462824259263458,
                                    -0.3012666906497506,
                                    -0.16364777829726154,
                                    0.055167547695430086,
                                    -0.20135209584618133,
                                    -0.017110096421706918,
                                    -0.038836868721228456,
                                    -0.015749429978848543,
                                    0.021273024863507215,
                                    0.11676620950708484,
                                    0.005054163901694044
                                ],
                                [
                                    -0.014640091426949647,
                                    -0.07514723100889482,
                                    -0.5465714869728729,
                                    0.03688459907411138,
                                    0.5287888580485248,
                                    0.033363806257039115,
                                    0.07463746774416083,
                                    0.40832345647822393,
                                    -0.400358430051324,
                                    0.14362663782562965,
                                    -0.3326349990521026,
                                    0.5134017852162485,
                                    -0.4517528468927361,
                                    0.4800349722892862,
                                    0.09484111249094362,
                                    -0.09690384436510385,
                                    0.287098109272134,
                                    -0.07789644773007488,
                                    0.06536405724734869,
                                    0.03752976381053523,
                                    -0.0109986794333745,
                                    -0.01693474855616709,
                                    0.005054163901694044,
                                    0.03080731354934399
                                ]
                            ]
                        ],
                        "frozen" : false
                    },
                    {
                        "class" : "Distribution",
                        "name" : "MultivariateGaussianDistribution",
                        "parameters" : [
                            [
                                15.526702965928553,
                                -26.211583317993526,
                                5.1595381632540915,
                                -8.402325500344713,
                                -17.47650794927903,
                                -3.8240351568770565,
                                -2.8931036395412426,
                                -1.548399966463622,
                                -1.211343233898281,
                                3.8811475902389088,
                                1.4918711227357526,
                                -8.394531083868358,
                                3.668106545590224,
                                -4.801965316634042,
                                -3.979218129569416,
                                5.054524195205636,
                                -5.372841808501226,
                                3.0057762338779432,
                                -0.16037362086964196,
                                -0.09568240075446775,
                                -0.03448594637973522,
                                0.25320833150798017,
                                -0.11476610915483094,
                                -0.0029004242595511804
                            ],
                            [
                                [
                                    10.48903739032644,
                                    -11.434361489301969,
                                    12.831714886061699,
                                    -2.6868540055520294,
                                    -13.711225005740626,
                                    6.721923784346122,
                                    0.2903321820026509,
                                    4.262650554747189,
                                    -1.1738007236016819,
                                    6.742560488753002,
                                    1.40775906755396,
                                    -2.7015881389100276,
                                    4.746340549625279,
                                    1.5254838798441042,
                                    -6.242560385075441,
                                    6.333717941813641,
                                    -7.409965586884387,
                                    -0.06157638046886354,
                                    0.6088981979710308,
                                    0.18264008770134496,
                                    0.5033963009027567,
                                    0.532917342310432,
                                    0.0669690063242288,
                                    -0.014640091426949647
                                ],
                                [
                                    -11.434361489301969,
                                    83.73173857922647,
                                    -2.041883274632347,
                                    33.14978751134135,
                                    4.854211826256233,
                                    -43.811658505900624,
                                    -21.94767105805344,
                                    -14.641684466817463,
                                    -21.244571674699923,
                                    -26.725127762613432,
                                    -14.301792102235778,
                                    5.262875572810879,
                                    -36.49086513743501,
                                    7.775925600203277,
