{
    "class" : "HiddenMarkovModel",
    "name" : "None",
    "start" : {
        "class" : "State",
        "distribution" : null,
        "name" : "None-start",
        "weight" : 1.0
    },
    "end" : {
        "class" : "State",
        "distribution" : null,
        "name" : "None-end",
        "weight" : 1.0
    },
    "states" : [
        {
            "class" : "State",
            "distribution" : {
                "class" : "GeneralMixtureModel",
                "distributions" : [
                    {
                        "class" : "Distribution",
                        "name" : "MultivariateGaussianDistribution",
                        "parameters" : [
                            [
                                15.103449192150977,
                                -10.62526425200216,
                                13.338146694730158,
                                -5.547472164214081,
                                -16.064731951817052,
                                -16.273390563709125,
                                -8.335444019923244,
                                -5.445811327184622,
                                -4.833469806743386,
                                0.9964000664088308,
                                0.42441139885609896,
                                -9.401429298322387,
                                -2.609379513186691,
                                -3.930720939774055,
                                -4.810009175858865,
                                -0.8800934640308814,
                                -2.459122454700384,
                                -1.5942752199071915,
                                -1.8575681166439317,
                                -0.8871387929212766,
                                -0.5512893416635246,
                                -0.23180066705545324,
                                -0.06383798244583555,
                                0.0575416623559593
                            ],
                            [
                                [
                                    5.600257997049236,
                                    2.5441272018765404,
                                    6.7944774741165785,
                                    -1.8195618236846007,
                                    -9.349821795613774,
                                    -2.010160873988756,
                                    -2.583247205730746,
                                    -2.274264352821306,
                                    0.7480182442403156,
                                    5.409648816651937,
                                    -1.1937859008516072,
                                    4.657635693517023,
                                    2.093048484024464,
                                    -1.1289407795515285,
                                    0.6209477438810875,
                                    -0.03381238206729543,
                                    0.6592938101110852,
                                    -1.642094109018659,
                                    0.7393044167576039,
                                    -0.6243432805948215,
                                    0.37514167442636714,
                                    0.3630914592012867,
                                    -0.13741673287390924,
                                    0.03975348692999609
                                ],
                                [
                                    2.5441272018765404,
                                    214.7454457074615,
                                    112.29108657080995,
                                    -39.411197399722646,
                                    -33.009693734779084,
                                    -178.7762835998362,
                                    10.696909241036733,
                                    -95.59534969198268,
                                    19.5346451196429,
                                    -26.87477369535647,
                                    16.749724401634083,
                                    -60.734040089077816,
                                    -17.087927667802532,
                                    -19.13819587346186,
                                    -34.375485180916,
                                    -7.38003587009995,
                                    -11.641080716418367,
                                    -16.495544891949415,
                                    -9.511190684917674,
                                    -10.557741830822499,
                                    -2.199473973880309,
                                    -3.1810901590591043,
                                    -1.125584508768328,
                                    0.12010115962633396
                                ],
                                [
                                    6.7944774741165785,
                                    112.29108657080995,
                                    137.0811263155884,
                                    -17.38966435504826,
                                    1.2424023263589425,
                                    -116.34678427237112,
                                    -1.1373152523550476,
                                    -73.79447594539738,
                                    23.738389730717387,
                                    -10.85743809509059,
                                    3.422888505838722,
                                    -35.894664212466324,
                                    -18.68698578578598,
                                    -20.219884104819347,
                                    -22.740348497594287,
                                    -12.030171041998804,
                                    -15.625266962697358,
                                    -16.061409217714566,
                                    -7.930857970863269,
                                    -10.745507101751155,
                                    -1.4349136719376536,
                                    -2.690515077824221,
                                    -0.5410468069465545,
                                    0.16769865692843605
                                ],
                                [
                                    -1.8195618236846007,
                                    -39.411197399722646,
                                    -17.38966435504826,
                                    49.20533044782257,
                                    16.75622024610896,
                                    29.995108933071002,
                                    -1.334391578747893,
                                    17.561377780820866,
                                    -11.937598486760107,
                                    15.004309484965948,
                                    -19.190139323135025,
                                    8.243509916142559,
                                    0.9688346355354652,
                                    -7.705020215943809,
                                    16.511291354145513,
                                    -5.056025308698044,
                                    5.655882893555785,
                                    7.186776645175552,
                                    0.14032294374825952,
                                    2.3847184406241433,
                                    -0.6507453775911506,
                                    0.8831341269805297,
                                    0.27437526167370074,
                                    -0.09352159106318683
                                ],
                                [
                                    -9.349821795613774,
                                    -33.009693734779084,
                                    1.2424023263589425,
                                    16.75622024610896,
                                    106.41745740485476,
                                    17.02508534647818,
                                    20.610942730828935,
                                    7.494405477045559,
                                    6.5160930776813135,
                                    -17.64241171172068,
                                    -13.568754696953873,
                                    -0.4423582689385014,
                                    -14.327342537623686,
                                    0.9386258168089449,
                                    4.509927856878949,
                                    -5.868376190359816,
                                    -0.09902665048781971,
                                    2.3782037241205787,
                                    -0.8116060768285881,
                                    1.4025789615400093,
                                    -0.14179782298152419,
                                    -0.888219305113442,
                                    0.4564954693090213,
                                    -0.12859508036943398
                                ],
                                [
                                    -2.010160873988756,
                                    -178.7762835998362,
                                    -116.34678427237112,
                                    29.995108933071002,
                                    17.02508534647818,
                                    275.8987788076367,
                                    -18.092015312529977,
                                    124.45345266749787,
                                    -0.37444806185305624,
                                    -13.011343231727455,
                                    25.36698826897416,
                                    64.1601138551752,
                                    25.80529150274262,
                                    47.24696747349318,
                                    28.463247588174532,
                                    15.244666133364587,
                                    15.031642097208849,
                                    8.714538918897144,
                                    12.572237074680812,
                                    9.024939914803255,
                                    3.81784768944383,
                                    2.1329038805421905,
                                    1.1917900940809267,
                                    -0.16151364442345062
                                ],
                                [
                                    -2.583247205730746,
                                    10.696909241036733,
                                    -1.1373152523550476,
                                    -1.334391578747893,
                                    20.610942730828935,
                                    -18.092015312529977,
                                    74.14500103146406,
                                    -7.337661195391847,
                                    7.298636853404931,
                                    1.1986221858908341,
                                    -6.631174861158142,
                                    -16.707219038066597,
                                    2.52039739793778,
                                    0.04300074100937446,
                                    -11.611556190446525,
                                    11.654905269212803,
                                    -0.06869575960694763,
                                    5.96810615755028,
                                    0.4858217596809315,
                                    5.001370207956451,
                                    0.15488630941060147,
                                    0.8837053003274562,
                                    0.296820051596501,
                                    -0.04642461234186645
                                ],
                                [
                                    -2.274264352821306,
                                    -95.59534969198268,
                                    -73.79447594539738,
                                    17.561377780820866,
                                    7.494405477045559,
                                    124.45345266749787,
                                    -7.337661195391847,
                                    123.71577703912416,
                                    -10.058830662716645,
                                    6.623556183260375,
                                    17.768755994241058,
                                    18.749450133662624,
                                    11.669503861710119,
                                    26.223749335572336,
                                    17.442305545342215,
                                    6.337853361137021,
                                    11.33334089285381,
                                    6.90653550135002,
                                    4.402383034799773,
                                    6.472110570468369,
                                    2.475518316525107,
                                    1.0785910872437667,
                                    0.8603339464833517,
                                    -0.30097186066382375
                                ],
                                [
                                    0.7480182442403156,
                                    19.5346451196429,
                                    23.738389730717387,
                                    -11.937598486760107,
                                    6.5160930776813135,
                                    -0.37444806185305624,
                                    7.298636853404931,
                                    -10.058830662716645,
                                    66.52223288299815,
                                    -12.646735135715485,
                                    12.648046084723294,
                                    5.602650134738736,
                                    -7.992747758786297,
                                    3.4530070126992705,
                                    -10.541705725472868,
                                    0.8446909266197316,
                                    -4.873797118581792,
                                    -5.255083608210047,
                                    1.7354195054580956,
                                    -3.023179205771208,
                                    0.05297110227140864,
                                    -1.1481767864570656,
                                    -0.33627514376022105,
                                    0.05005137637193755
                                ],
                                [
                                    5.409648816651937,
                                    -26.87477369535647,
                                    -10.85743809509059,
                                    15.004309484965948,
                                    -17.64241171172068,
                                    -13.011343231727455,
                                    1.1986221858908341,
                                    6.623556183260375,
                                    -12.646735135715485,
                                    90.81898682121265,
                                    -19.3337877907103,
                                    18.614919423612953,
                                    13.751742279622361,
                                    -25.230571384317372,
                                    15.106015286040249,
                                    -4.861497072880433,
                                    1.8783843028943021,
                                    4.204628265766112,
                                    1.5086757536345825,
                                    2.512564413212365,
                                    -1.1134594744873505,
                                    1.8205257505438686,
                                    -0.5510627109135241,
                                    0.1610983702348146
                                ],
                                [
                                    -1.1937859008516072,
                                    16.749724401634083,
                                    3.422888505838722,
                                    -19.190139323135025,
                                    -13.568754696953873,
                                    25.36698826897416,
                                    -6.631174861158142,
                                    17.768755994241058,
                                    12.648046084723294,
                                    -19.3337877907103,
                                    102.97139611719906,
                                    -14.06040886326982,
                                    9.11228323825144,
                                    20.58609989029534,
                                    -27.997445931602407,
                                    9.864084914472766,
                                    -3.611406343730441,
                                    -4.839812953466516,
                                    0.32378102694051253,
                                    -0.1808427917251549,
                                    0.8743370063016058,
                                    -2.2664832100757213,
                                    0.0983205430935018,
                                    0.23781136350005208
                                ],
                                [
                                    4.657635693517023,
                                    -60.734040089077816,
                                    -35.894664212466324,
                                    8.243509916142559,
                                    -0.4423582689385014,
                                    64.1601138551752,
                                    -16.707219038066597,
                                    18.749450133662624,
                                    5.602650134738736,
                                    18.614919423612953,
                                    -14.06040886326982,
                                    102.01467866266164,
                                    3.318208113521911,
                                    11.109373728806753,
                                    24.04314306139958,
                                    -6.780596214292,
                                    11.68325982041898,
                                    -1.534103412019319,
                                    8.00279721481477,
                                    -0.44469744138362494,
                                    1.6849287747544657,
                                    2.188225475052563,
                                    -0.6239552197712145,
                                    0.047219253161887284
                                ],
                                [
                                    2.093048484024464,
                                    -17.087927667802532,
                                    -18.68698578578598,
                                    0.9688346355354652,
                                    -14.327342537623686,
                                    25.80529150274262,
                                    2.52039739793778,
                                    11.669503861710119,
                                    -7.992747758786297,
                                    13.751742279622361,
                                    9.11228323825144,
                                    3.318208113521911,
                                    57.49138543229286,
                                    4.692299100121906,
                                    4.369803170101189,
                                    11.930382225965829,
                                    -1.74107657476993,
                                    5.806906483817535,
                                    2.1338699678458535,
                                    3.7404267009302252,
                                    -0.8577925908056067,
                                    0.7795295378284522,
                                    -0.1799332552276277,
                                    0.31964354752433227
                                ],
                                [
                                    -1.1289407795515285,
                                    -19.13819587346186,
                                    -20.219884104819347,
                                    -7.705020215943809,
                                    0.9386258168089449,
                                    47.24696747349318,
                                    0.04300074100937446,
                                    26.223749335572336,
                                    3.4530070126992705,
                                    -25.230571384317372,
                                    20.58609989029534,
                                    11.109373728806753,
                                    4.692299100121906,
                                    62.13724604996578,
                                    -1.4441828349069121,
                                    9.754529254343224,
                                    6.15683076538113,
                                    -2.0698121584141855,
                                    4.0703928943587675,
                                    0.8243514531289616,
                                    1.7996347663103263,
                                    -0.6290295813703558,
                                    0.44612110916026887,
                                    -0.055295924504954096
                                ],
                                [
                                    0.6209477438810875,
                                    -34.375485180916,
                                    -22.740348497594287,
                                    16.511291354145513,
                                    4.509927856878949,
                                    28.463247588174532,
                                    -11.611556190446525,
                                    17.442305545342215,
                                    -10.541705725472868,
                                    15.106015286040249,
                                    -27.997445931602407,
                                    24.04314306139958,
                                    4.369803170101189,
                                    -1.4441828349069121,
                                    50.37007343772079,
                                    -2.8854950690623165,
                                    8.76956516161395,
                                    4.188764871197999,
                                    -0.2883432893106059,
                                    0.12275482813229091,
                                    -0.8632633595805695,
                                    1.0683833242064549,
                                    -0.4038677438960705,
                                    -0.006321924094772439
                                ],
                                [
                                    -0.03381238206729543,
                                    -7.38003587009995,
                                    -12.030171041998804,
                                    -5.056025308698044,
                                    -5.868376190359816,
                                    15.244666133364587,
                                    11.654905269212803,
                                    6.337853361137021,
                                    0.8446909266197316,
                                    -4.861497072880433,
                                    9.864084914472766,
                                    -6.780596214292,
                                    11.930382225965829,
                                    9.754529254343224,
                                    -2.8854950690623165,
                                    31.65061925499306,
                                    2.235453496483233,
                                    4.831764095521596,
                                    1.8204477630386384,
                                    2.735066030281139,
                                    0.24881407513735507,
                                    0.21997269318222434,
                                    0.031843702591678597,
                                    0.1738269302049354
                                ],
                                [
                                    0.6592938101110852,
                                    -11.641080716418367,
                                    -15.625266962697358,
                                    5.655882893555785,
                                    -0.09902665048781971,
                                    15.031642097208849,
                                    -0.06869575960694763,
                                    11.33334089285381,
                                    -4.873797118581792,
                                    1.8783843028943021,
                                    -3.611406343730441,
                                    11.68325982041898,
                                    -1.74107657476993,
                                    6.15683076538113,
                                    8.76956516161395,
                                    2.235453496483233,
                                    20.92521456138818,
                                    3.8124258992733453,
                                    2.5754373914563238,
                                    1.5309314206910132,
                                    -0.23831005341301437,
                                    0.1892885794260546,
                                    -0.24266724035208903,
                                    0.009004908550880776
                                ],
                                [
                                    -1.642094109018659,
                                    -16.495544891949415,
                                    -16.061409217714566,
                                    7.186776645175552,
                                    2.3782037241205787,
                                    8.714538918897144,
                                    5.96810615755028,
                                    6.90653550135002,
                                    -5.255083608210047,
                                    4.204628265766112,
                                    -4.839812953466516,
                                    -1.534103412019319,
                                    5.806906483817535,
                                    -2.0698121584141855,
                                    4.188764871197999,
                                    4.831764095521596,
                                    3.8124258992733453,
                                    19.42803746877937,
                                    2.134202619568466,
                                    4.080900720292943,
                                    -0.12134119628273396,
                                    0.19223263100132723,
                                    0.03629490394005298,
                                    0.048165991334231766
                                ],
                                [
                                    0.7393044167576039,
                                    -9.511190684917674,
                                    -7.930857970863269,
                                    0.14032294374825952,
                                    -0.8116060768285881,
                                    12.572237074680812,
                                    0.4858217596809315,
                                    4.402383034799773,
                                    1.7354195054580956,
                                    1.5086757536345825,
                                    0.32378102694051253,
                                    8.00279721481477,
                                    2.1338699678458535,
                                    4.0703928943587675,
                                    -0.2883432893106059,
                                    1.8204477630386384,
                                    2.5754373914563238,
                                    2.134202619568466,
                                    8.771441237831253,
                                    1.8680856599313964,
                                    0.2653775699559434,
                                    0.3035057279550386,
                                    -0.09364448590000522,
                                    0.03522124649093653
                                ],
                                [
                                    -0.6243432805948215,
                                    -10.557741830822499,
                                    -10.745507101751155,
                                    2.3847184406241433,
                                    1.4025789615400093,
                                    9.024939914803255,
                                    5.001370207956451,
                                    6.472110570468369,
                                    -3.023179205771208,
                                    2.512564413212365,
                                    -0.1808427917251549,
                                    -0.44469744138362494,
                                    3.7404267009302252,
                                    0.8243514531289616,
                                    0.12275482813229091,
                                    2.735066030281139,
                                    1.5309314206910132,
                                    4.080900720292943,
                                    1.8680856599313964,
                                    6.713994778235986,
                                    1.044185788845601,
                                    0.5755561765679988,
                                    0.19545474108571181,
                                    0.005240065821205164
                                ],
                                [
                                    0.37514167442636714,
                                    -2.199473973880309,
                                    -1.4349136719376536,
                                    -0.6507453775911506,
                                    -0.14179782298152419,
                                    3.81784768944383,
                                    0.15488630941060147,
                                    2.475518316525107,
                                    0.05297110227140864,
                                    -1.1134594744873505,
                                    0.8743370063016058,
                                    1.6849287747544657,
                                    -0.8577925908056067,
                                    1.7996347663103263,
                                    -0.8632633595805695,
                                    0.24881407513735507,
                                    -0.23831005341301437,
                                    -0.12134119628273396,
                                    0.2653775699559434,
                                    1.044185788845601,
                                    2.605155805434743,
                                    0.4474563383954,
                                    0.14876774145847815,
                                    -0.034421846238989376
                                ],
                                [
                                    0.3630914592012867,
                                    -3.1810901590591043,
                                    -2.690515077824221,
                                    0.8831341269805297,
                                    -0.888219305113442,
                                    2.1329038805421905,
                                    0.8837053003274562,
                                    1.0785910872437667,
                                    -1.1481767864570656,
                                    1.8205257505438686,
                                    -2.2664832100757213,
                                    2.188225475052563,
                                    0.7795295378284522,
                                    -0.6290295813703558,
                                    1.0683833242064549,
                                    0.21997269318222434,
                                    0.1892885794260546,
                                    0.19223263100132723,
                                    0.3035057279550386,
                                    0.5755561765679988,
                                    0.4474563383954,
                                    1.0611950531697025,
                                    0.0962449908384678,
                                    -0.01201127179628095
                                ],
                                [
                                    -0.13741673287390924,
                                    -1.125584508768328,
                                    -0.5410468069465545,
                                    0.27437526167370074,
                                    0.4564954693090213,
                                    1.1917900940809267,
                                    0.296820051596501,
                                    0.8603339464833517,
                                    -0.33627514376022105,
                                    -0.5510627109135241,
                                    0.0983205430935018,
                                    -0.6239552197712145,
                                    -0.1799332552276277,
                                    0.44612110916026887,
                                    -0.4038677438960705,
                                    0.031843702591678597,
                                    -0.24266724035208903,
                                    0.03629490394005298,
                                    -0.09364448590000522,
                                    0.19545474108571181,
                                    0.14876774145847815,
                                    0.0962449908384678,
                                    0.17684067330353523,
                                    -0.04232597541424068
                                ],
                                [
                                    0.03975348692999609,
                                    0.12010115962633396,
                                    0.16769865692843605,
                                    -0.09352159106318683,
                                    -0.12859508036943398,
                                    -0.16151364442345062,
                                    -0.04642461234186645,
                                    -0.30097186066382375,
                                    0.05005137637193755,
                                    0.1610983702348146,
                                    0.23781136350005208,
                                    0.047219253161887284,
                                    0.31964354752433227,
                                    -0.055295924504954096,
                                    -0.006321924094772439,
                                    0.1738269302049354,
                                    0.009004908550880776,
                                    0.048165991334231766,
                                    0.03522124649093653,
                                    0.005240065821205164,
                                    -0.034421846238989376,
                                    -0.01201127179628095,
                                    -0.04232597541424068,
                                    0.05426013401404911
                                ]
                            ]
                        ],
                        "frozen" : false
                    },
                    {
                        "class" : "Distribution",
                        "name" : "MultivariateGaussianDistribution",
                        "parameters" : [
                            [
                                15.103449192150977,
                                -10.62526425200216,
                                13.338146694730158,
                                -5.547472164214081,
                                -16.064731951817052,
                                -16.273390563709125,
                                -8.335444019923244,
                                -5.445811327184622,
                                -4.833469806743386,
                                0.9964000664088308,
                                0.42441139885609896,
                                -9.401429298322387,
                                -2.609379513186691,
                                -3.930720939774055,
                                -4.810009175858865,
                                -0.8800934640308814,
                                -2.459122454700384,
                                -1.5942752199071915,
                                -1.8575681166439317,
                                -0.8871387929212766,
                                -0.5512893416635246,
                                -0.23180066705545324,
                                -0.06383798244583555,
                                0.0575416623559593
                            ],
                            [
                                [
                                    5.600257997049236,
                                    2.5441272018765404,
                                    6.7944774741165785,
                                    -1.8195618236846007,
                                    -9.349821795613774,
                                    -2.010160873988756,
                                    -2.583247205730746,
                                    -2.274264352821306,
                                    0.7480182442403156,
                                    5.409648816651937,
                                    -1.1937859008516072,
                                    4.657635693517023,
                                    2.093048484024464,
                                    -1.1289407795515285,
                                    0.6209477438810875,
                                    -0.03381238206729543,
                                    0.6592938101110852,
                                    -1.642094109018659,
                                    0.7393044167576039,
                                    -0.6243432805948215,
                                    0.37514167442636714,
                                    0.3630914592012867,
                                    -0.13741673287390924,
                                    0.03975348692999609
                                ],
                                [
                                    2.5441272018765404,
                                    214.7454457074615,
                                    112.29108657080995,
                                    -39.411197399722646,
                                    -33.009693734779084,
                                    -178.7762835998362,
                                    10.696909241036733,
                                    -95.59534969198268,
                                    19.5346451196429,
                                    -26.87477369535647,
                                    16.749724401634083,
                                    -60.734040089077816,
                                    -17.087927667802532,
                                    -19.13819587346186,
                                    -34.375485180916,
