{
    "class" : "HiddenMarkovModel",
    "name" : "None",
    "start" : {
        "class" : "State",
        "distribution" : null,
        "name" : "None-start",
        "weight" : 1.0
    },
    "end" : {
        "class" : "State",
        "distribution" : null,
        "name" : "None-end",
        "weight" : 1.0
    },
    "states" : [
        {
            "class" : "State",
            "distribution" : {
                "class" : "GeneralMixtureModel",
                "distributions" : [
                    {
                        "class" : "Distribution",
                        "name" : "MultivariateGaussianDistribution",
                        "parameters" : [
                            [
                                14.533485629317903,
                                -13.310072508012961,
                                10.315424471231426,
                                -6.189899351826187,
                                -15.243557087897786,
                                -12.647346264792473,
                                -7.8009932608657895,
                                -3.8179424525739627,
                                -4.610673895977736,
                                -0.2906672388344707,
                                1.292647941998825,
                                -10.991605340327258,
                                -3.283848439533362,
                                -4.668379417619379,
                                -6.022716808904193,
                                -0.24113732771343482,
                                -2.1360301209828014,
                                -1.0094784173269011,
                                -1.8794416441622506,
                                -0.34121789486671356,
                                -0.4112661158451423,
                                -0.12781765335566347,
                                0.07294603794321915,
                                0.029810599666320003
                            ],
                            [
                                [
                                    5.674480539403196,
                                    -2.9416731183347884,
                                    3.3050410805301245,
                                    -2.17309159965075,
                                    -7.302965481475362,
                                    6.118183245347757,
                                    -0.8558127104845117,
                                    1.3763818846013982,
                                    1.6225007575209363,
                                    2.5891560692398343,
                                    2.183144300270916,
                                    2.2302812261848066,
                                    3.282487428951103,
                                    0.512214821308969,
                                    -2.2582109977405573,
                                    1.9103242357629264,
                                    0.2670883048337346,
                                    -0.05194287571363603,
                                    1.2499928051917228,
                                    0.6449985056832854,
                                    0.643523565429851,
                                    0.2808739425782276,
                                    -0.06411607768477945,
                                    0.08695980491053652
                                ],
                                [
                                    -2.9416731183347884,
                                    253.83175221241441,
                                    120.48241687346247,
                                    -52.605252024509774,
                                    -30.553282828747797,
                                    -203.47906407162873,
                                    17.697853173826097,
                                    -113.2151768493566,
                                    19.27723638008717,
                                    -56.7831847181768,
                                    32.76041471905993,
                                    -97.45929128851054,
                                    -23.510572070968763,
                                    -20.28852781651138,
                                    -60.57355994453854,
                                    -4.909228881446767,
                                    -18.493304159276942,
                                    -15.963581454460474,
                                    -11.86618595463544,
                                    -8.66627566947848,
                                    -1.8912182898368366,
                                    -4.237335878821265,
                                    -0.6923128486277352,
                                    0.1953553248723566
                                ],
                                [
                                    3.3050410805301245,
                                    120.48241687346247,
                                    142.8345707097692,
                                    -25.35458263607622,
                                    9.783011059960488,
                                    -115.23891054057036,
                                    7.218459433278864,
                                    -73.67773495641848,
                                    24.577330211703853,
                                    -29.004175143500895,
                                    17.253198968010576,
                                    -62.436403083426825,
                                    -20.72176612225476,
                                    -19.13312873298878,
                                    -41.45377724882708,
                                    -8.890716109993136,
                                    -21.75185468953376,
                                    -13.97045555978948,
                                    -9.846692796051622,
                                    -7.335365547264109,
                                    -0.6585134156748121,
                                    -2.8460317009771403,
                                    0.14892716088894148,
                                    0.1650874344233295
                                ],
                                [
                                    -2.17309159965075,
                                    -52.605252024509774,
                                    -25.35458263607622,
                                    60.156005383117645,
                                    22.056009088149388,
                                    43.99847685038357,
                                    -0.1232870914967284,
                                    28.455182559858283,
                                    -16.74488292924087,
                                    20.951379558877214,
                                    -22.19579770088197,
                                    12.484496787464165,
                                    5.660076312991099,
                                    -6.080277384121102,
                                    25.093013801804098,
                                    -3.700004932958602,
                                    8.38551074526254,
                                    9.006509818754195,
                                    -0.49634970130073536,
                                    2.983489651771057,
                                    -0.5919703748816632,
                                    1.6754843424411896,
                                    0.4265965871813375,
                                    -0.20165199332530623
                                ],
                                [
                                    -7.302965481475362,
                                    -30.553282828747797,
                                    9.783011059960488,
                                    22.056009088149388,
                                    110.87663256955946,
                                    7.076157314165229,
                                    21.36809923653736,
                                    5.2072696230610145,
                                    4.188082753067721,
                                    -3.914524004851458,
                                    -26.88309727901533,
                                    6.735816467141256,
                                    -12.466858813562844,
                                    -5.74843816668521,
                                    18.80662880096996,
                                    -9.59122214811044,
                                    1.634519464178033,
                                    -0.5776723739619417,
                                    -2.1252230997574215,
                                    -1.5992492407769319,
                                    -1.1047665208334074,
                                    -0.3460076381989068,
                                    0.20638806045698804,
                                    -0.2794104004049023
                                ],
                                [
                                    6.118183245347757,
                                    -203.47906407162873,
                                    -115.23891054057036,
                                    43.99847685038357,
                                    7.076157314165229,
                                    298.954464136804,
                                    -30.23227046911149,
                                    135.9360878903824,
                                    4.173118625304445,
                                    19.50889777284819,
                                    12.23289626944266,
                                    106.4659950816536,
                                    32.24219566018564,
                                    42.41880546982514,
                                    53.77937982781672,
                                    10.824617492718673,
                                    19.94758509845222,
                                    2.8540143738559456,
                                    15.322246681578756,
                                    3.998971532201551,
                                    2.339362078720446,
                                    2.1890361438957107,
                                    -0.0629604983233359,
                                    0.24310119452768894
                                ],
                                [
                                    -0.8558127104845117,
                                    17.697853173826097,
                                    7.218459433278864,
                                    -0.1232870914967284,
                                    21.36809923653736,
                                    -30.23227046911149,
                                    75.26185318292048,
                                    -14.585747072714799,
                                    5.8589839093784635,
                                    7.676932169723366,
                                    -13.538470616960197,
                                    -12.414635839555572,
                                    -0.6161669943146525,
                                    -1.618203050864397,
                                    -6.814685490984096,
                                    7.584255195213775,
                                    2.853741531867807,
                                    3.565619227660585,
                                    0.9252223219975098,
                                    3.693569195745096,
                                    -0.5374768632135658,
                                    1.1852387657164938,
                                    0.1296558975433752,
                                    -0.1778639008699311
                                ],
                                [
                                    1.3763818846013982,
                                    -113.2151768493566,
                                    -73.67773495641848,
                                    28.455182559858283,
                                    5.2072696230610145,
                                    135.9360878903824,
                                    -14.585747072714799,
                                    137.68515387682788,
                                    -6.276485856822086,
                                    28.312021136737297,
                                    10.149390661759664,
                                    40.94958315075493,
                                    12.376560507017128,
                                    23.30624896972919,
                                    32.363161805602765,
                                    0.7066577371161767,
                                    13.350226018330467,
                                    3.9829175224461424,
                                    5.253961367162354,
                                    3.1683284655297177,
                                    1.8400509501182607,
                                    1.0794790466537718,
                                    0.4709172056163357,
                                    -0.3070017277725342
                                ],
                                [
                                    1.6225007575209363,
                                    19.27723638008717,
                                    24.577330211703853,
                                    -16.74488292924087,
                                    4.188082753067721,
                                    4.173118625304445,
                                    5.8589839093784635,
                                    -6.276485856822086,
                                    69.53295431853346,
                                    -12.02382949717572,
                                    14.692169804166246,
                                    4.864234928950739,
                                    -8.785069562348367,
                                    1.5950499043900919,
                                    -11.596186765310687,
                                    -0.31616904638135357,
                                    -5.509934149053515,
                                    -8.373869262071162,
                                    1.7245058359033378,
                                    -3.8290750797533684,
                                    -0.11429716142657999,
                                    -1.1704272020933708,
                                    -0.4748826413050378,
                                    0.13322452852320232
                                ],
                                [
                                    2.5891560692398343,
                                    -56.7831847181768,
                                    -29.004175143500895,
                                    20.951379558877214,
                                    -3.914524004851458,
                                    19.50889777284819,
                                    7.676932169723366,
                                    28.312021136737297,
                                    -12.02382949717572,
                                    90.70606609867097,
                                    -16.99300055714026,
                                    20.557968912722185,
                                    12.953194940987231,
                                    -16.884099096678728,
                                    16.056030948030006,
                                    -1.462960182552309,
                                    2.333374526213187,
                                    9.095190965318112,
                                    1.4366356313958595,
                                    6.374695571433048,
                                    0.3438735633876529,
                                    2.557869771988588,
                                    0.3434639962276304,
                                    -0.12250761982411218
                                ],
                                [
                                    2.183144300270916,
                                    32.76041471905993,
                                    17.253198968010576,
                                    -22.19579770088197,
                                    -26.88309727901533,
                                    12.23289626944266,
                                    -13.538470616960197,
                                    10.149390661759664,
                                    14.692169804166246,
                                    -16.99300055714026,
                                    106.92352936765825,
                                    -11.81032480152908,
                                    4.00194659332651,
                                    17.660016006124057,
                                    -28.307653922134186,
                                    4.112035131263445,
                                    -4.349940855425118,
                                    -13.149354307300689,
                                    -0.8084758537242039,
                                    -4.7618218600475855,
                                    0.5318632453307911,
                                    -2.975736991423851,
                                    -0.18386130878422363,
                                    0.17046283400880638
                                ],
                                [
                                    2.2302812261848066,
                                    -97.45929128851054,
                                    -62.436403083426825,
                                    12.484496787464165,
                                    6.735816467141256,
                                    106.4659950816536,
                                    -12.414635839555572,
                                    40.94958315075493,
                                    4.864234928950739,
                                    20.557968912722185,
                                    -11.81032480152908,
                                    110.66071710313273,
                                    13.399892947495626,
                                    18.354661947871435,
                                    28.935392232667752,
                                    0.4843175844485122,
                                    12.733274864511065,
                                    6.343385577123075,
                                    10.14857267858503,
                                    3.825673146373999,
                                    1.6519938193752393,
                                    2.2306648452626847,
                                    -0.5386703839853682,
                                    0.1942523762535909
                                ],
                                [
                                    3.282487428951103,
                                    -23.510572070968763,
                                    -20.72176612225476,
                                    5.660076312991099,
                                    -12.466858813562844,
                                    32.24219566018564,
                                    -0.6161669943146525,
                                    12.376560507017128,
                                    -8.785069562348367,
                                    12.953194940987231,
                                    4.00194659332651,
                                    13.399892947495626,
                                    58.81885468605701,
                                    8.573690918257048,
                                    10.910388182918346,
                                    11.513745462714054,
                                    1.5893817601463196,
                                    6.538654532598901,
                                    3.2885053841315846,
                                    3.2525742463769163,
                                    -1.1648415417426636,
                                    0.7217108639827512,
                                    -0.2026452845116272,
                                    0.26540985718548005
                                ],
                                [
                                    0.512214821308969,
                                    -20.28852781651138,
                                    -19.13312873298878,
                                    -6.080277384121102,
                                    -5.74843816668521,
                                    42.41880546982514,
                                    -1.618203050864397,
                                    23.30624896972919,
                                    1.5950499043900919,
                                    -16.884099096678728,
                                    17.660016006124057,
                                    18.354661947871435,
                                    8.573690918257048,
                                    57.41647255638158,
                                    2.7669097356666312,
                                    8.798561529590842,
                                    7.591436020864623,
                                    -2.0738132662269133,
                                    4.620667092210487,
                                    -1.0739032750236093,
                                    0.3745381724781248,
                                    -0.9808771632019122,
                                    -0.09910832260009356,
                                    0.14506389083493443
                                ],
                                [
                                    -2.2582109977405573,
                                    -60.57355994453854,
                                    -41.45377724882708,
                                    25.093013801804098,
                                    18.80662880096996,
                                    53.77937982781672,
                                    -6.814685490984096,
                                    32.363161805602765,
                                    -11.596186765310687,
                                    16.056030948030006,
                                    -28.307653922134186,
                                    28.935392232667752,
                                    10.910388182918346,
                                    2.7669097356666312,
                                    55.01850118989391,
                                    1.916055767755385,
                                    11.218787053357767,
                                    10.910647279530881,
                                    0.4611423489821744,
                                    3.4396951246393805,
                                    -0.4210920053733045,
                                    1.5851056859814494,
                                    -0.007989591035329785,
                                    -0.07112936100305756
                                ],
                                [
                                    1.9103242357629264,
                                    -4.909228881446767,
                                    -8.890716109993136,
                                    -3.700004932958602,
                                    -9.59122214811044,
                                    10.824617492718673,
                                    7.584255195213775,
                                    0.7066577371161767,
                                    -0.31616904638135357,
                                    -1.462960182552309,
                                    4.112035131263445,
                                    0.4843175844485122,
                                    11.513745462714054,
                                    8.798561529590842,
                                    1.916055767755385,
                                    30.944168164833684,
                                    5.368159305223172,
                                    4.288628442933162,
                                    3.115649636506419,
                                    2.18616733667899,
                                    -0.09755909070132558,
                                    0.15275604472514004,
                                    -0.23145344076958502,
                                    0.19240634713307256
                                ],
                                [
                                    0.2670883048337346,
                                    -18.493304159276942,
                                    -21.75185468953376,
                                    8.38551074526254,
                                    1.634519464178033,
                                    19.94758509845222,
                                    2.853741531867807,
                                    13.350226018330467,
                                    -5.509934149053515,
                                    2.333374526213187,
                                    -4.349940855425118,
                                    12.733274864511065,
                                    1.5893817601463196,
                                    7.591436020864623,
                                    11.218787053357767,
                                    5.368159305223172,
                                    22.90799660824118,
                                    7.040143923884137,
                                    3.569835339485353,
                                    2.8146744476966536,
                                    -0.2685792924143824,
                                    0.1631380473501172,
                                    -0.3082652767911845,
                                    0.10826388709880651
                                ],
                                [
                                    -0.05194287571363603,
                                    -15.963581454460474,
                                    -13.97045555978948,
                                    9.006509818754195,
                                    -0.5776723739619417,
                                    2.8540143738559456,
                                    3.565619227660585,
                                    3.9829175224461424,
                                    -8.373869262071162,
                                    9.095190965318112,
                                    -13.149354307300689,
                                    6.343385577123075,
                                    6.538654532598901,
                                    -2.0738132662269133,
                                    10.910647279530881,
                                    4.288628442933162,
                                    7.040143923884137,
                                    20.478791812606683,
                                    2.927207201393581,
                                    4.049078063785326,
                                    0.017615842062181475,
                                    0.5992167043923732,
                                    -0.05150352117538732,
                                    -0.0176249931140396
                                ],
                                [
                                    1.2499928051917228,
                                    -11.86618595463544,
                                    -9.846692796051622,
                                    -0.49634970130073536,
                                    -2.1252230997574215,
                                    15.322246681578756,
                                    0.9252223219975098,
                                    5.253961367162354,
                                    1.7245058359033378,
                                    1.4366356313958595,
                                    -0.8084758537242039,
                                    10.14857267858503,
                                    3.2885053841315846,
                                    4.620667092210487,
                                    0.4611423489821744,
                                    3.115649636506419,
                                    3.569835339485353,
                                    2.927207201393581,
                                    10.044397983799623,
                                    2.189068844860131,
                                    0.16465928049729975,
                                    0.2352905283479834,
                                    -0.19256910111356534,
                                    0.06573011734812244
                                ],
                                [
                                    0.6449985056832854,
                                    -8.66627566947848,
                                    -7.335365547264109,
                                    2.983489651771057,
                                    -1.5992492407769319,
                                    3.998971532201551,
                                    3.693569195745096,
                                    3.1683284655297177,
                                    -3.8290750797533684,
                                    6.374695571433048,
                                    -4.7618218600475855,
                                    3.825673146373999,
                                    3.2525742463769163,
                                    -1.0739032750236093,
                                    3.4396951246393805,
                                    2.18616733667899,
                                    2.8146744476966536,
                                    4.049078063785326,
                                    2.189068844860131,
                                    5.7922890429889415,
                                    0.8294430198458076,
                                    0.6165928188293408,
                                    0.03819507105639784,
                                    0.0017378899367622358
                                ],
                                [
                                    0.643523565429851,
                                    -1.8912182898368366,
                                    -0.6585134156748121,
                                    -0.5919703748816632,
                                    -1.1047665208334074,
                                    2.339362078720446,
                                    -0.5374768632135658,
                                    1.8400509501182607,
                                    -0.11429716142657999,
                                    0.3438735633876529,
                                    0.5318632453307911,
                                    1.6519938193752393,
                                    -1.1648415417426636,
                                    0.3745381724781248,
                                    -0.4210920053733045,
                                    -0.09755909070132558,
                                    -0.2685792924143824,
                                    0.017615842062181475,
                                    0.16465928049729975,
                                    0.8294430198458076,
                                    2.545478495500331,
                                    0.5224516225389665,
                                    0.11688552227593126,
                                    -0.027049042362352144
                                ],
                                [
                                    0.2808739425782276,
                                    -4.237335878821265,
                                    -2.8460317009771403,
                                    1.6754843424411896,
                                    -0.3460076381989068,
                                    2.1890361438957107,
                                    1.1852387657164938,
                                    1.0794790466537718,
                                    -1.1704272020933708,
                                    2.557869771988588,
                                    -2.975736991423851,
                                    2.2306648452626847,
                                    0.7217108639827512,
                                    -0.9808771632019122,
                                    1.5851056859814494,
                                    0.15275604472514004,
                                    0.1631380473501172,
                                    0.5992167043923732,
                                    0.2352905283479834,
                                    0.6165928188293408,
                                    0.5224516225389665,
                                    1.110514312851346,
                                    0.11662047636717467,
                                    -0.021576596010743593
                                ],
                                [
                                    -0.06411607768477945,
                                    -0.6923128486277352,
                                    0.14892716088894148,
                                    0.4265965871813375,
                                    0.20638806045698804,
                                    -0.0629604983233359,
                                    0.1296558975433752,
                                    0.4709172056163357,
                                    -0.4748826413050378,
                                    0.3434639962276304,
                                    -0.18386130878422363,
                                    -0.5386703839853682,
                                    -0.2026452845116272,
                                    -0.09910832260009356,
                                    -0.007989591035329785,
                                    -0.23145344076958502,
                                    -0.3082652767911845,
                                    -0.05150352117538732,
                                    -0.19256910111356534,
                                    0.03819507105639784,
                                    0.11688552227593126,
                                    0.11662047636717467,
                                    0.1544918983005792,
                                    -0.03688834283811543
                                ],
                                [
                                    0.08695980491053652,
                                    0.1953553248723566,
                                    0.1650874344233295,
                                    -0.20165199332530623,
                                    -0.2794104004049023,
                                    0.24310119452768894,
                                    -0.1778639008699311,
                                    -0.3070017277725342,
                                    0.13322452852320232,
                                    -0.12250761982411218,
                                    0.17046283400880638,
                                    0.1942523762535909,
                                    0.26540985718548005,
                                    0.14506389083493443,
                                    -0.07112936100305756,
                                    0.19240634713307256,
                                    0.10826388709880651,
                                    -0.0176249931140396,
                                    0.06573011734812244,
                                    0.0017378899367622358,
                                    -0.027049042362352144,
                                    -0.021576596010743593,
                                    -0.03688834283811543,
                                    0.04724975234263852
                                ]
                            ]
                        ],
                        "frozen" : false
                    },
                    {
                        "class" : "Distribution",
                        "name" : "MultivariateGaussianDistribution",
                        "parameters" : [
                            [
                                14.533485629317903,
                                -13.310072508012961,
                                10.315424471231426,
                                -6.189899351826187,
                                -15.243557087897786,
                                -12.647346264792473,
                                -7.8009932608657895,
                                -3.8179424525739627,
                                -4.610673895977736,
                                -0.2906672388344707,
                                1.292647941998825,
                                -10.991605340327258,
                                -3.283848439533362,
                                -4.668379417619379,
                                -6.022716808904193,
                                -0.24113732771343482,
                                -2.1360301209828014,
                                -1.0094784173269011,
                                -1.8794416441622506,
                                -0.34121789486671356,
                                -0.4112661158451423,
                                -0.12781765335566347,
                                0.07294603794321915,
                                0.029810599666320003
                            ],
                            [
                                [
                                    5.674480539403196,
                                    -2.9416731183347884,
                                    3.3050410805301245,
                                    -2.17309159965075,
                                    -7.302965481475362,
                                    6.118183245347757,
                                    -0.8558127104845117,
                                    1.3763818846013982,
                                    1.6225007575209363,
                                    2.5891560692398343,
                                    2.183144300270916,
                                    2.2302812261848066,
                                    3.282487428951103,
                                    0.512214821308969,
                                    -2.2582109977405573,
                                    1.9103242357629264,
                                    0.2670883048337346,
                                    -0.05194287571363603,
                                    1.2499928051917228,
                                    0.6449985056832854,
                                    0.643523565429851,
                                    0.2808739425782276,
                                    -0.06411607768477945,
                                    0.08695980491053652
                                ],
                                [
                                    -2.9416731183347884,
                                    253.83175221241441,
                                    120.48241687346247,
                                    -52.605252024509774,
                                    -30.553282828747797,
                                    -203.47906407162873,
                                    17.697853173826097,
                                    -113.2151768493566,
                                    19.27723638008717,
                                    -56.7831847181768,
                                    32.76041471905993,
                                    -97.45929128851054,
                                    -23.510572070968763,
                                    -20.28852781651138,
                                    -60.57355994453854,
                                    -4.909228881446767,
