{
    "class" : "HiddenMarkovModel",
    "name" : "None",
    "start" : {
        "class" : "State",
        "distribution" : null,
        "name" : "None-start",
        "weight" : 1.0
    },
    "end" : {
        "class" : "State",
        "distribution" : null,
        "name" : "None-end",
        "weight" : 1.0
    },
    "states" : [
        {
            "class" : "State",
            "distribution" : {
                "class" : "GeneralMixtureModel",
                "distributions" : [
                    {
                        "class" : "Distribution",
                        "name" : "MultivariateGaussianDistribution",
                        "parameters" : [
                            [
                                15.546109108194386,
                                -26.71030636538867,
                                4.358817628549493,
                                -7.884414464530382,
                                -15.664161396474617,
                                -3.4919743114840727,
                                -2.087929385491179,
                                -0.8769768704039382,
                                -1.0366171848126466,
                                4.201499512135715,
                                1.689258535833118,
                                -7.18525053225422,
                                3.0627450540557626,
                                -4.119778955787691,
                                -3.601851892617588,
                                5.194383636682058,
                                -4.922825011597084,
                                2.8773838395403093,
                                -0.21714977735656887,
                                -0.11370110267558427,
                                -0.04324936604731855,
                                0.25568464837241706,
                                -0.10599414780474357,
                                0.0061087678087648105
                            ],
                            [
                                [
                                    10.953564287688602,
                                    -13.131786451059945,
                                    13.75920910699632,
                                    -3.8781374404785005,
                                    -11.962971063261808,
                                    7.685948373626298,
                                    -0.5046391904373572,
                                    6.323071096947463,
                                    0.4178605969585194,
                                    7.656125193836304,
                                    2.254548957642803,
                                    -3.179798932419581,
                                    2.9523525510200708,
                                    0.8138333518332902,
                                    -7.577726238139535,
                                    6.705272822250741,
                                    -6.865828589253537,
                                    -0.1091306559070367,
                                    0.46154568319263956,
                                    0.03412770047198232,
                                    0.5916329804082526,
                                    0.5476327942724786,
                                    0.020423783543373968,
                                    -0.020195490417416372
                                ],
                                [
                                    -13.131786451059945,
                                    77.95347601132866,
                                    -9.436400998027734,
                                    30.755042620263847,
                                    10.21778877418088,
                                    -32.172334413464746,
                                    -23.552579585043908,
                                    -8.654280285266525,
                                    -21.13053495558995,
                                    -23.276759060413923,
                                    -11.337371606372448,
                                    11.990196571344619,
                                    -28.35944919222144,
                                    10.149262336896832,
                                    2.426731660503861,
                                    -18.87109363638829,
                                    16.85495464660783,
                                    -9.134508583158423,
                                    1.8776743584201854,
                                    -0.35134319585001306,
                                    -0.6320936896877679,
                                    -0.24771821372280556,
                                    0.5021032414155844,
                                    0.04920208484439233
                                ],
                                [
                                    13.75920910699632,
                                    -9.436400998027734,
                                    96.0265887422182,
                                    -6.006886113267951,
                                    -13.138299520927598,
                                    21.930719989119346,
                                    -8.939901870690294,
                                    -16.994203539739473,
                                    21.019655568089327,
                                    -12.224878532883839,
                                    11.153099511276421,
                                    -35.26220164207403,
                                    25.610376712805447,
                                    -25.54665285595612,
                                    -12.3615018008462,
                                    16.071150753851686,
                                    -27.501662515645002,
                                    7.501312817434463,
                                    -3.5608248457419083,
                                    0.541734575517622,
                                    2.135460822729299,
                                    0.8166121765603143,
                                    -0.16206145890793647,
                                    -0.42542202521115824
                                ],
                                [
                                    -3.8781374404785005,
                                    30.755042620263847,
                                    -6.006886113267951,
                                    132.6502692480203,
                                    -22.962210503151265,
                                    17.629666794739915,
                                    -3.884740571758153,
                                    7.726038109810659,
                                    -45.18727781162281,
                                    -19.889172132883974,
                                    -12.049420730155651,
                                    -1.8094071813654509,
                                    -27.908545880376625,
                                    35.433351461705854,
                                    -27.003837558867,
                                    6.961744640674026,
                                    17.278574811676002,
                                    -13.156062648656253,
                                    4.8581019127664735,
                                    -2.3776814896691505,
                                    -2.691152736331529,
                                    0.128355090767332,
                                    0.1475455611123271,
                                    0.18864513102381125
                                ],
                                [
                                    -11.962971063261808,
                                    10.21778877418088,
                                    -13.138299520927598,
                                    -22.962210503151265,
                                    185.3096069398996,
                                    -72.80796052641116,
                                    39.36504828859539,
                                    0.8969031930545219,
                                    11.468477912398848,
                                    -25.13740157312242,
                                    -30.904002493760334,
                                    36.1312607518789,
                                    -14.12679639789327,
                                    3.6467316512904016,
                                    62.63761319778211,
                                    -32.33521239897259,
                                    24.24450374494617,
                                    8.441415741145267,
                                    -8.897850485781305,
                                    9.203164793362347,
                                    -1.0452270078305934,
                                    -1.7273841164518466,
                                    0.4571213665469513,
                                    0.26202604703246074
                                ],
                                [
                                    7.685948373626298,
                                    -32.172334413464746,
                                    21.930719989119346,
                                    17.629666794739915,
                                    -72.80796052641116,
                                    185.22588776762976,
                                    -41.95326227466464,
                                    32.102678467281414,
                                    -0.47369867485783634,
                                    0.003810991827177004,
                                    17.166959670136777,
                                    -25.13346433556977,
                                    24.2355085521952,
                                    3.83607724125334,
                                    -31.522222811348367,
                                    21.878388768831588,
                                    -12.019787689020903,
                                    -7.825929436690357,
                                    6.495844839626218,
                                    -7.006215842430927,
                                    -0.9688293209136776,
                                    0.02476134929295739,
                                    -0.9086544988251845,
                                    0.016702778227328404
                                ],
                                [
                                    -0.5046391904373572,
                                    -23.552579585043908,
                                    -8.939901870690294,
                                    -3.884740571758153,
                                    39.36504828859539,
                                    -41.95326227466464,
                                    120.75743663780379,
                                    -24.762685682107197,
                                    13.935199328158992,
                                    16.752608866972537,
                                    9.418348116242866,
                                    -5.72972150940476,
                                    18.632030839594396,
                                    -1.8078292374246583,
                                    0.8641361870200066,
                                    13.000295722203008,
                                    -1.0867453336956487,
                                    10.528308091858259,
                                    -4.411293298851501,
                                    2.0476055648301266,
                                    0.26260546598700735,
                                    -0.47420709973635294,
                                    -0.021830868400006583,
                                    -0.06554286579167878
                                ],
                                [
                                    6.323071096947463,
                                    -8.654280285266525,
                                    -16.994203539739473,
                                    7.726038109810659,
                                    0.8969031930545219,
                                    32.102678467281414,
                                    -24.762685682107197,
                                    96.55378260803366,
                                    -18.088450311805598,
                                    7.786605689592808,
                                    -5.375608582028907,
                                    15.844006126064997,
                                    -20.351297773341212,
                                    19.565859290188225,
                                    0.6642975429729174,
                                    -8.749923858109373,
                                    12.871926132819327,
                                    -4.906906693540132,
                                    3.978811464925001,
                                    0.15269058999428167,
                                    -0.6993014225357373,
                                    -0.7569316421091596,
                                    0.1709120843112753,
                                    0.3898270201949947
                                ],
                                [
                                    0.4178605969585194,
                                    -21.13053495558995,
                                    21.019655568089327,
                                    -45.18727781162281,
                                    11.468477912398848,
                                    -0.47369867485783634,
                                    13.935199328158992,
                                    -18.088450311805598,
                                    93.98818963472368,
                                    0.10108797138631065,
                                    26.775058369718522,
                                    -18.65643164000104,
                                    32.404359323186945,
                                    -37.538922667419556,
                                    13.657428834576852,
                                    0.7980533375368138,
                                    -14.303909106254155,
                                    9.034143150953442,
                                    -2.1140432518256023,
                                    0.9303013277225292,
                                    1.4922121680230391,
                                    1.2075372257692825,
                                    -0.7666080718592863,
                                    -0.4937596399945987
                                ],
                                [
                                    7.656125193836304,
                                    -23.276759060413923,
                                    -12.224878532883839,
                                    -19.889172132883974,
                                    -25.13740157312242,
                                    0.003810991827177004,
                                    16.752608866972537,
                                    7.786605689592808,
                                    0.10108797138631065,
                                    89.04288891575666,
                                    -4.37010072403234,
                                    3.0081515704653037,
                                    4.442709090485324,
                                    -5.317619583058082,
                                    -6.980912496882334,
                                    5.124332797063211,
                                    -9.049489617828005,
                                    3.662707192563927,
                                    -3.1907894516067805,
                                    -0.07358019503596068,
                                    1.0732566160329464,
                                    0.22799730871969065,
                                    0.21801579722791045,
                                    -0.0003249545655150409
                                ],
                                [
                                    2.254548957642803,
                                    -11.337371606372448,
                                    11.153099511276421,
                                    -12.049420730155651,
                                    -30.904002493760334,
                                    17.166959670136777,
                                    9.418348116242866,
                                    -5.375608582028907,
                                    26.775058369718522,
                                    -4.37010072403234,
                                    99.07055582861517,
                                    -27.96557291889387,
                                    35.15227720580027,
                                    -9.293569763174355,
                                    -19.62156213761382,
                                    9.616837711033519,
                                    -10.597869834967394,
                                    -0.3489084989518151,
                                    5.00015318461311,
                                    -2.3005379474183525,
                                    1.4479506027617723,
                                    1.3094385696787891,
                                    -0.3331785726221805,
                                    -0.36413146195194346
                                ],
                                [
                                    -3.179798932419581,
                                    11.990196571344619,
                                    -35.26220164207403,
                                    -1.8094071813654509,
                                    36.1312607518789,
                                    -25.13346433556977,
                                    -5.72972150940476,
                                    15.844006126064997,
                                    -18.65643164000104,
                                    3.0081515704653037,
                                    -27.96557291889387,
                                    87.94777587968377,
                                    -32.1656090871607,
                                    18.19127513905904,
                                    16.838811192367896,
                                    -18.06026398107437,
                                    15.662207834340897,
                                    -4.0416481188652895,
                                    -0.3035654642831141,
                                    1.6484011503700442,
                                    0.4642501831834341,
                                    -0.6444772077376898,
                                    0.730754304633353,
                                    0.4067986191226725
                                ],
                                [
                                    2.9523525510200708,
                                    -28.35944919222144,
                                    25.610376712805447,
                                    -27.908545880376625,
                                    -14.12679639789327,
                                    24.2355085521952,
                                    18.632030839594396,
                                    -20.351297773341212,
                                    32.404359323186945,
                                    4.442709090485324,
                                    35.15227720580027,
                                    -32.1656090871607,
                                    87.24247375221707,
                                    -32.36081597830395,
                                    -0.21548391534180006,
                                    13.020482520223979,
                                    -24.22063288531139,
                                    9.875256284782324,
                                    -1.632621790862716,
                                    -1.38139534617928,
                                    1.8555092470821928,
                                    0.9067069740978795,
                                    -0.6709725319663983,
                                    -0.5670376688299955
                                ],
                                [
                                    0.8138333518332902,
                                    10.149262336896832,
                                    -25.54665285595612,
                                    35.433351461705854,
                                    3.6467316512904016,
                                    3.83607724125334,
                                    -1.8078292374246583,
                                    19.565859290188225,
                                    -37.538922667419556,
                                    -5.317619583058082,
                                    -9.293569763174355,
                                    18.19127513905904,
                                    -32.36081597830395,
                                    85.57140042413245,
                                    -23.089589214522675,
                                    3.392631528233037,
                                    18.71974433366592,
                                    -14.300913710222552,
                                    5.667107064415597,
                                    -0.19967883030580494,
                                    -2.2988079999485103,
                                    -1.1790282444921132,
                                    0.7721206989956151,
                                    0.5366900307307044
                                ],
                                [
                                    -7.577726238139535,
                                    2.426731660503861,
                                    -12.3615018008462,
                                    -27.003837558867,
                                    62.63761319778211,
                                    -31.522222811348367,
                                    0.8641361870200066,
                                    0.6642975429729174,
                                    13.657428834576852,
                                    -6.980912496882334,
                                    -19.62156213761382,
                                    16.838811192367896,
                                    -0.21548391534180006,
                                    -23.089589214522675,
                                    78.66579669821648,
                                    -28.52641082081953,
                                    10.216585276720018,
                                    6.928945233932571,
                                    -6.125857847693988,
                                    4.384823371751511,
                                    -0.030965896600063554,
                                    -0.45656141258132166,
                                    -0.21807361882045945,
                                    -0.061061335692157936
                                ],
                                [
                                    6.705272822250741,
                                    -18.87109363638829,
                                    16.071150753851686,
                                    6.961744640674026,
                                    -32.33521239897259,
                                    21.878388768831588,
                                    13.000295722203008,
                                    -8.749923858109373,
                                    0.7980533375368138,
                                    5.124332797063211,
                                    9.616837711033519,
                                    -18.06026398107437,
                                    13.020482520223979,
                                    3.392631528233037,
                                    -28.52641082081953,
                                    41.955375015731775,
                                    -12.607333529210036,
                                    1.4836529840566124,
                                    0.8940761945506038,
                                    -2.810429392442992,
                                    0.20931145877655755,
                                    -0.010857727871800626,
                                    -0.1880790200327352,
                                    -0.05055649730443192
                                ],
                                [
                                    -6.865828589253537,
                                    16.85495464660783,
                                    -27.501662515645002,
                                    17.278574811676002,
                                    24.24450374494617,
                                    -12.019787689020903,
                                    -1.0867453336956487,
                                    12.871926132819327,
                                    -14.303909106254155,
                                    -9.049489617828005,
                                    -10.597869834967394,
                                    15.662207834340897,
                                    -24.22063288531139,
                                    18.71974433366592,
                                    10.216585276720018,
                                    -12.607333529210036,
                                    34.70916926566566,
                                    -6.256365898344532,
                                    1.4598831192981203,
                                    1.1576703739150993,
                                    -2.1518010802659546,
                                    -0.5747381587647701,
                                    0.13545233150469813,
                                    0.2836622014679574
                                ],
                                [
                                    -0.1091306559070367,
                                    -9.134508583158423,
                                    7.501312817434463,
                                    -13.156062648656253,
                                    8.441415741145267,
                                    -7.825929436690357,
                                    10.528308091858259,
                                    -4.906906693540132,
                                    9.034143150953442,
                                    3.662707192563927,
                                    -0.3489084989518151,
                                    -4.0416481188652895,
                                    9.875256284782324,
                                    -14.300913710222552,
                                    6.928945233932571,
                                    1.4836529840566124,
                                    -6.256365898344532,
                                    17.0207782193684,
                                    -2.9693780809939168,
                                    0.6993569498801512,
                                    1.017996439476955,
                                    -0.3291247022803508,
                                    -0.1581618013931917,
                                    -0.09017416282924798
                                ],
                                [
                                    0.46154568319263956,
                                    1.8776743584201854,
                                    -3.5608248457419083,
                                    4.8581019127664735,
                                    -8.897850485781305,
                                    6.495844839626218,
                                    -4.411293298851501,
                                    3.978811464925001,
                                    -2.1140432518256023,
                                    -3.1907894516067805,
                                    5.00015318461311,
                                    -0.3035654642831141,
                                    -1.632621790862716,
                                    5.667107064415597,
                                    -6.125857847693988,
                                    0.8940761945506038,
                                    1.4598831192981203,
                                    -2.9693780809939168,
                                    8.968679433910472,
                                    -1.0119637953872727,
                                    -0.08624380638898976,
                                    -0.028544817692417214,
                                    -0.0619357910037232,
                                    0.0581633278499877
                                ],
                                [
                                    0.03412770047198232,
                                    -0.35134319585001306,
                                    0.541734575517622,
                                    -2.3776814896691505,
                                    9.203164793362347,
                                    -7.006215842430927,
                                    2.0476055648301266,
                                    0.15269058999428167,
                                    0.9303013277225292,
                                    -0.07358019503596068,
                                    -2.3005379474183525,
                                    1.6484011503700442,
                                    -1.38139534617928,
                                    -0.19967883030580494,
                                    4.384823371751511,
                                    -2.810429392442992,
                                    1.1576703739150993,
                                    0.6993569498801512,
                                    -1.0119637953872727,
                                    4.433718351634939,
                                    -0.0440602443342742,
                                    -0.0334896271278983,
                                    0.017904032383823883,
                                    0.017808185796598
                                ],
                                [
                                    0.5916329804082526,
                                    -0.6320936896877679,
                                    2.135460822729299,
                                    -2.691152736331529,
                                    -1.0452270078305934,
                                    -0.9688293209136776,
                                    0.26260546598700735,
                                    -0.6993014225357373,
                                    1.4922121680230391,
                                    1.0732566160329464,
                                    1.4479506027617723,
                                    0.4642501831834341,
                                    1.8555092470821928,
                                    -2.2988079999485103,
                                    -0.030965896600063554,
                                    0.20931145877655755,
                                    -2.1518010802659546,
                                    1.017996439476955,
                                    -0.08624380638898976,
                                    -0.0440602443342742,
                                    2.2048183508027117,
                                    0.09934580361817782,
                                    -0.011703668895015316,
                                    -0.023765394484812682
                                ],
                                [
                                    0.5476327942724786,
                                    -0.24771821372280556,
                                    0.8166121765603143,
                                    0.128355090767332,
                                    -1.7273841164518466,
                                    0.02476134929295739,
                                    -0.47420709973635294,
                                    -0.7569316421091596,
                                    1.2075372257692825,
                                    0.22799730871969065,
                                    1.3094385696787891,
                                    -0.6444772077376898,
                                    0.9067069740978795,
                                    -1.1790282444921132,
                                    -0.45656141258132166,
                                    -0.010857727871800626,
                                    -0.5747381587647701,
                                    -0.3291247022803508,
                                    -0.028544817692417214,
                                    -0.0334896271278983,
                                    0.09934580361817782,
                                    0.7853078994329628,
                                    -0.0006634430696830323,
                                    -0.019437556823241622
                                ],
                                [
                                    0.020423783543373968,
                                    0.5021032414155844,
                                    -0.16206145890793647,
                                    0.1475455611123271,
                                    0.4571213665469513,
                                    -0.9086544988251845,
                                    -0.021830868400006583,
                                    0.1709120843112753,
                                    -0.7666080718592863,
                                    0.21801579722791045,
                                    -0.3331785726221805,
                                    0.730754304633353,
                                    -0.6709725319663983,
                                    0.7721206989956151,
                                    -0.21807361882045945,
                                    -0.1880790200327352,
                                    0.13545233150469813,
                                    -0.1581618013931917,
                                    -0.0619357910037232,
                                    0.017904032383823883,
                                    -0.011703668895015316,
                                    -0.0006634430696830323,
                                    0.11387142190631196,
                                    0.004949654277031268
                                ],
                                [
                                    -0.020195490417416372,
                                    0.04920208484439233,
                                    -0.42542202521115824,
                                    0.18864513102381125,
                                    0.26202604703246074,
                                    0.016702778227328404,
                                    -0.06554286579167878,
                                    0.3898270201949947,
                                    -0.4937596399945987,
                                    -0.0003249545655150409,
                                    -0.36413146195194346,
                                    0.4067986191226725,
                                    -0.5670376688299955,
                                    0.5366900307307044,
                                    -0.061061335692157936,
                                    -0.05055649730443192,
                                    0.2836622014679574,
                                    -0.09017416282924798,
                                    0.0581633278499877,
                                    0.017808185796598,
                                    -0.023765394484812682,
                                    -0.019437556823241622,
                                    0.004949654277031268,
                                    0.0328475424496712
                                ]
                            ]
                        ],
                        "frozen" : false
                    },
                    {
                        "class" : "Distribution",
                        "name" : "MultivariateGaussianDistribution",
                        "parameters" : [
                            [
                                15.546109108194386,
                                -26.71030636538867,
                                4.358817628549493,
                                -7.884414464530382,
                                -15.664161396474617,
                                -3.4919743114840727,
                                -2.087929385491179,
                                -0.8769768704039382,
                                -1.0366171848126466,
                                4.201499512135715,
                                1.689258535833118,
                                -7.18525053225422,
                                3.0627450540557626,
                                -4.119778955787691,
                                -3.601851892617588,
                                5.194383636682058,
                                -4.922825011597084,
                                2.8773838395403093,
                                -0.21714977735656887,
                                -0.11370110267558427,
                                -0.04324936604731855,
                                0.25568464837241706,
                                -0.10599414780474357,
                                0.0061087678087648105
                            ],
                            [
                                [
                                    10.953564287688602,
                                    -13.131786451059945,
                                    13.75920910699632,
                                    -3.8781374404785005,
                                    -11.962971063261808,
                                    7.685948373626298,
                                    -0.5046391904373572,
                                    6.323071096947463,
                                    0.4178605969585194,
                                    7.656125193836304,
                                    2.254548957642803,
                                    -3.179798932419581,
                                    2.9523525510200708,
                                    0.8138333518332902,
                                    -7.577726238139535,
                                    6.705272822250741,
                                    -6.865828589253537,
                                    -0.1091306559070367,
                                    0.46154568319263956,
                                    0.03412770047198232,
                                    0.5916329804082526,
                                    0.5476327942724786,
                                    0.020423783543373968,
                                    -0.020195490417416372
                                ],
                                [
                                    -13.131786451059945,
                                    77.95347601132866,
                                    -9.436400998027734,
                                    30.755042620263847,
                                    10.21778877418088,
                                    -32.172334413464746,
                                    -23.552579585043908,
                                    -8.654280285266525,
                                    -21.13053495558995,
                                    -23.276759060413923,
                                    -11.337371606372448,
                                    11.990196571344619,
                                    -28.35944919222144,
                                    10.149262336896832,
