{
    "class" : "HiddenMarkovModel",
    "name" : "None",
    "start" : {
        "class" : "State",
        "distribution" : null,
        "name" : "None-start",
        "weight" : 1.0
    },
    "end" : {
        "class" : "State",
        "distribution" : null,
        "name" : "None-end",
        "weight" : 1.0
    },
    "states" : [
        {
            "class" : "State",
            "distribution" : {
                "class" : "GeneralMixtureModel",
                "distributions" : [
                    {
                        "class" : "Distribution",
                        "name" : "MultivariateGaussianDistribution",
                        "parameters" : [
                            [
                                13.983545439384343,
                                -25.42591002327197,
                                -1.9019688999831765,
                                -9.732144869744612,
                                -8.919249662148687,
                                -5.577139016031176,
                                -0.8025434683814614,
                                2.8157912116303248,
                                -5.4751239950046005,
                                0.649087086249817,
                                0.33331963390035557,
                                -8.382859148526029,
                                1.8648316799213236,
                                -0.16418565389834633,
                                -0.55516895497705,
                                1.0954541223537873,
                                -0.315153123869796,
                                0.0809961212065591,
                                -0.8687006493194886,
                                0.3730804547717039,
                                -0.5839207968487627,
                                -0.004389309544282568,
                                0.008392041692535261,
                                0.0225000778279338
                            ],
                            [
                                [
                                    10.062321420380984,
                                    6.462421005352486,
                                    -3.9051573288725163,
                                    1.5692659270492728,
                                    -12.427983153830322,
                                    1.2818998521776888,
                                    -3.2251503390643976,
                                    14.191899902845423,
                                    -10.344581663533305,
                                    -6.107754868709917,
                                    5.026217611064303,
                                    -5.835356268414419,
                                    5.010222723306579,
                                    -1.4126017716801593,
                                    -0.25183879912434365,
                                    -1.9231262328864978,
                                    -0.6675744089998116,
                                    0.38381102014927976,
                                    -0.9669475764707959,
                                    1.5117273145049361,
                                    0.056462746940600564,
                                    0.4407162909265852,
                                    0.058488007079083554,
                                    -0.013998522703897903
                                ],
                                [
                                    6.462421005352486,
                                    96.99655279703791,
                                    -28.250296590022252,
                                    -1.9383067061465806,
                                    -56.56684659695649,
                                    -13.6310980584515,
                                    -13.60018440631247,
                                    44.73871198324391,
                                    -38.2956951490508,
                                    -31.418277751746544,
                                    24.470663793595353,
                                    -37.11436264507516,
                                    10.398817841970367,
                                    0.03248236184243513,
                                    -2.17306435222713,
                                    -11.411117682348413,
                                    0.08098211813282663,
                                    -0.37336140550075564,
                                    -4.617483848345355,
                                    -0.0013108364122813262,
                                    -0.5678575641959615,
                                    0.5253358885076564,
                                    0.2141774390577828,
                                    -0.21292596316805412
                                ],
                                [
                                    -3.9051573288725163,
                                    -28.250296590022252,
                                    77.41368072643809,
                                    -1.7105401973132266,
                                    53.93027011820023,
                                    1.5627885142106974,
                                    10.731080692483223,
                                    -36.21193962171857,
                                    27.681228282290668,
                                    12.249668425936148,
                                    -10.559451151366215,
                                    10.72748917301766,
                                    -7.8688163414385235,
                                    -3.0371230915611167,
                                    -0.029991726428901456,
                                    10.308006014864594,
                                    -5.515875386293768,
                                    0.8761012975473421,
                                    3.3646200551337766,
                                    -1.8223271071722222,
                                    0.6721682235093595,
                                    -0.17366375343199392,
                                    0.11665060908148221,
                                    0.11847546069692393
                                ],
                                [
                                    1.5692659270492728,
                                    -1.9383067061465806,
                                    -1.7105401973132266,
                                    62.74679069813249,
                                    -16.285409424897598,
                                    29.530855439103973,
                                    -7.730981339944886,
                                    10.137800980868423,
                                    -13.671194910654094,
                                    13.485891603213489,
                                    -5.235029517593223,
                                    14.388605509406009,
                                    -2.4830946358327846,
                                    1.4426884236436164,
                                    -4.332525822217365,
                                    -1.2399087156193564,
                                    6.219632948324982,
                                    0.08340442862947703,
                                    -0.6766788819412104,
                                    -0.15928519745711464,
                                    -0.5873741889859313,
                                    0.3208191836378261,
                                    0.027272791186539424,
                                    0.07993790370397044
                                ],
                                [
                                    -12.427983153830322,
                                    -56.56684659695649,
                                    53.93027011820023,
                                    -16.285409424897598,
                                    144.80528790198386,
                                    -16.72854431783565,
                                    48.45340244521729,
                                    -68.44814743440301,
                                    63.358343934615576,
                                    3.448892637210733,
                                    -8.874277183607745,
                                    32.81508122941248,
                                    -4.499474781978489,
                                    8.347566740657003,
                                    6.747949404189726,
                                    6.716265621085572,
                                    -4.23521289178233,
                                    1.748088739320159,
                                    6.403626852009988,
                                    -2.6782658152374736,
                                    1.3404760655458294,
                                    -1.3541327851032352,
                                    -0.09615157788871855,
                                    0.08085347667881311
                                ],
                                [
                                    1.2818998521776888,
                                    -13.6310980584515,
                                    1.5627885142106974,
                                    29.530855439103973,
                                    -16.72854431783565,
                                    121.42782619627012,
                                    -48.70401249195152,
                                    15.952006449809279,
                                    -1.6249643928933262,
                                    -1.8214685209964692,
                                    6.451535493357152,
                                    31.306907413701886,
                                    -15.834601303406211,
                                    8.776608280560835,
                                    -6.867045313022584,
                                    4.77084877252172,
                                    -0.22534475677218335,
                                    -4.716679054545701,
                                    2.7441476957739623,
                                    -3.953676144389634,
                                    4.259175909719797,
                                    -0.30773326527610717,
                                    -0.2995037071162774,
                                    0.04909422829392964
                                ],
                                [
                                    -3.2251503390643976,
                                    -13.60018440631247,
                                    10.731080692483223,
                                    -7.730981339944886,
                                    48.45340244521729,
                                    -48.70401249195152,
                                    103.92295013284145,
                                    -27.98228031628895,
                                    18.9431499080999,
                                    20.06020324743817,
                                    -11.14256340545572,
                                    -5.195759936940886,
                                    18.393255144472406,
                                    -3.837862188236826,
                                    8.108054117737296,
                                    1.1341757004642647,
                                    -2.2721528432366114,
                                    1.0587278727869083,
                                    -0.23515894631193235,
                                    1.1507939938764227,
                                    -2.7712348698049962,
                                    0.2842114555388814,
                                    0.11933395176155578,
                                    -0.04578244511882697
                                ],
                                [
                                    14.191899902845423,
                                    44.73871198324391,
                                    -36.21193962171857,
                                    10.137800980868423,
                                    -68.44814743440301,
                                    15.952006449809279,
                                    -27.98228031628895,
                                    105.00863030249894,
                                    -39.91409328735023,
                                    -16.024028038304344,
                                    24.32428362133292,
                                    -29.85571433173496,
                                    11.48963349670973,
                                    1.8948978832004537,
                                    -2.8446310971809807,
                                    -11.233374639052435,
                                    3.913461848820187,
                                    -1.22508786872166,
                                    -4.725508492949263,
                                    4.048770436460035,
                                    -0.3786775907928022,
                                    0.5581256840676997,
                                    0.09899770486441213,
                                    -0.012874757335181113
                                ],
                                [
                                    -10.344581663533305,
                                    -38.2956951490508,
                                    27.681228282290668,
                                    -13.671194910654094,
                                    63.358343934615576,
                                    -1.6249643928933262,
                                    18.9431499080999,
                                    -39.91409328735023,
                                    89.01470543513047,
                                    14.271866815561078,
                                    -4.971013019058805,
                                    22.9747054183914,
                                    -15.334059865542402,
                                    0.9760561765248759,
                                    4.584609803101554,
                                    7.631498282753656,
                                    -3.120047741451415,
                                    0.7606874361565227,
                                    4.169981805154932,
                                    -1.5415248011948413,
                                    0.8376118178594865,
                                    -0.4169248195807741,
                                    -0.14640006286989646,
                                    0.04651852976980562
                                ],
                                [
                                    -6.107754868709917,
                                    -31.418277751746544,
                                    12.249668425936148,
                                    13.485891603213489,
                                    3.448892637210733,
                                    -1.8214685209964692,
                                    20.06020324743817,
                                    -16.024028038304344,
                                    14.271866815561078,
                                    101.66893324544822,
                                    -35.82177772797225,
                                    22.259153381703815,
                                    -12.031175090117506,
                                    -15.89949029340364,
                                    6.7346124627270285,
                                    7.122739744486144,
                                    2.4210799194176533,
                                    -1.3331759211423377,
                                    -0.259100160482224,
                                    1.3162354938700846,
                                    -1.5985164424171594,
                                    1.224698397928579,
                                    0.2049763966862531,
                                    0.1458946870167471
                                ],
                                [
                                    5.026217611064303,
                                    24.470663793595353,
                                    -10.559451151366215,
                                    -5.235029517593223,
                                    -8.874277183607745,
                                    6.451535493357152,
                                    -11.14256340545572,
                                    24.32428362133292,
                                    -4.971013019058805,
                                    -35.82177772797225,
                                    70.63670463892333,
                                    -17.751741825776918,
                                    9.71969147275083,
                                    9.161104004091795,
                                    -7.815850109329543,
                                    -4.536325016504677,
                                    -3.1783579912573163,
                                    1.9754578293860605,
                                    -1.1898659219480792,
                                    0.41323331142330844,
                                    1.3789653957860908,
                                    -0.9178829088215108,
                                    -0.14272444892674865,
                                    -0.01139395683294337
                                ],
                                [
                                    -5.835356268414419,
                                    -37.11436264507516,
                                    10.72748917301766,
                                    14.388605509406009,
                                    32.81508122941248,
                                    31.306907413701886,
                                    -5.195759936940886,
                                    -29.85571433173496,
                                    22.9747054183914,
                                    22.259153381703815,
                                    -17.751741825776918,
                                    83.1678560864704,
                                    -11.921614625828846,
                                    5.189850846231643,
                                    0.7850223973280119,
                                    5.89308780419213,
                                    3.311250480811381,
                                    0.5439740681344545,
                                    5.864162606703269,
                                    -2.483040372385511,
                                    1.3993905546394194,
                                    -0.28940474980356823,
                                    -0.2410664168360698,
                                    0.17411299963049315
                                ],
                                [
                                    5.010222723306579,
                                    10.398817841970367,
                                    -7.8688163414385235,
                                    -2.4830946358327846,
                                    -4.499474781978489,
                                    -15.834601303406211,
                                    18.393255144472406,
                                    11.48963349670973,
                                    -15.334059865542402,
                                    -12.031175090117506,
                                    9.71969147275083,
                                    -11.921614625828846,
                                    57.7495641440991,
                                    0.3416264960546062,
                                    -0.33950438934634625,
                                    -3.6042011248054022,
                                    0.39639252272902026,
                                    1.4572476423746794,
                                    -1.080378050359493,
                                    2.1509257792740097,
                                    -1.653342746144643,
                                    -0.21113888286849664,
                                    0.05971793042138042,
                                    -0.06954461529966834
                                ],
                                [
                                    -1.4126017716801593,
                                    0.03248236184243513,
                                    -3.0371230915611167,
                                    1.4426884236436164,
                                    8.347566740657003,
                                    8.776608280560835,
                                    -3.837862188236826,
                                    1.8948978832004537,
                                    0.9760561765248759,
                                    -15.89949029340364,
                                    9.161104004091795,
                                    5.189850846231643,
                                    0.3416264960546062,
                                    38.68286550341278,
                                    0.3638358081883737,
                                    0.40452662714653487,
                                    -0.002716244906757763,
                                    -0.9186601717880983,
                                    1.5499961254324917,
                                    -1.636314953328095,
                                    1.5835362194343938,
                                    -0.6678643424048452,
                                    -0.12229078475842599,
                                    -0.028733600381438667
                                ],
                                [
                                    -0.25183879912434365,
                                    -2.17306435222713,
                                    -0.029991726428901456,
                                    -4.332525822217365,
                                    6.747949404189726,
                                    -6.867045313022584,
                                    8.108054117737296,
                                    -2.8446310971809807,
                                    4.584609803101554,
                                    6.7346124627270285,
                                    -7.815850109329543,
                                    0.7850223973280119,
                                    -0.33950438934634625,
                                    0.3638358081883737,
                                    27.904573927469208,
                                    3.473687513725018,
                                    1.449539767633785,
                                    0.8970304449716702,
                                    0.6696177723281667,
                                    -0.6919257438493727,
                                    0.13502896485299865,
                                    0.396244013636908,
                                    -0.041639731488402214,
                                    -0.04634784006256653
                                ],
                                [
                                    -1.9231262328864978,
                                    -11.411117682348413,
                                    10.308006014864594,
                                    -1.2399087156193564,
                                    6.716265621085572,
                                    4.77084877252172,
                                    1.1341757004642647,
                                    -11.233374639052435,
                                    7.631498282753656,
                                    7.122739744486144,
                                    -4.536325016504677,
                                    5.89308780419213,
                                    -3.6042011248054022,
                                    0.40452662714653487,
                                    3.473687513725018,
                                    22.937120237845992,
                                    1.5985606556113119,
                                    -0.2473205510326362,
                                    1.935967825563329,
                                    -1.1767409467620797,
                                    0.4352576331120337,
                                    0.1389340811075985,
                                    -0.09104548924805621,
                                    -0.0006001211628632564
                                ],
                                [
                                    -0.6675744089998116,
                                    0.08098211813282663,
                                    -5.515875386293768,
                                    6.219632948324982,
                                    -4.23521289178233,
                                    -0.22534475677218335,
                                    -2.2721528432366114,
                                    3.913461848820187,
                                    -3.120047741451415,
                                    2.4210799194176533,
                                    -3.1783579912573163,
                                    3.311250480811381,
                                    0.39639252272902026,
                                    -0.002716244906757763,
                                    1.449539767633785,
                                    1.5985606556113119,
                                    15.509414082084163,
                                    1.3716289505702657,
                                    0.013728255799033438,
                                    0.4243016072371001,
                                    -0.4325134059495464,
                                    0.14837277233388463,
                                    -0.07366537834212351,
                                    -0.04363465227665679
                                ],
                                [
                                    0.38381102014927976,
                                    -0.37336140550075564,
                                    0.8761012975473421,
                                    0.08340442862947703,
                                    1.748088739320159,
                                    -4.716679054545701,
                                    1.0587278727869083,
                                    -1.22508786872166,
                                    0.7606874361565227,
                                    -1.3331759211423377,
                                    1.9754578293860605,
                                    0.5439740681344545,
                                    1.4572476423746794,
                                    -0.9186601717880983,
                                    0.8970304449716702,
                                    -0.2473205510326362,
                                    1.3716289505702657,
                                    9.385309432085444,
                                    1.4040877982800928,
                                    0.20181185496900497,
                                    -0.2094057456023467,
                                    -0.11465233159324087,
                                    0.032450299164143374,
                                    0.007847010444990357
                                ],
                                [
                                    -0.9669475764707959,
                                    -4.617483848345355,
                                    3.3646200551337766,
                                    -0.6766788819412104,
                                    6.403626852009988,
                                    2.7441476957739623,
                                    -0.23515894631193235,
                                    -4.725508492949263,
                                    4.169981805154932,
                                    -0.259100160482224,
                                    -1.1898659219480792,
                                    5.864162606703269,
                                    -1.080378050359493,
                                    1.5499961254324917,
                                    0.6696177723281667,
                                    1.935967825563329,
                                    0.013728255799033438,
                                    1.4040877982800928,
                                    7.528699715737043,
                                    -0.08688666481041271,
                                    0.8970479450722907,
                                    -0.003313070699188853,
                                    -0.06558733422540751,
                                    -0.0003519422000561241
                                ],
                                [
                                    1.5117273145049361,
                                    -0.0013108364122813262,
                                    -1.8223271071722222,
                                    -0.15928519745711464,
                                    -2.6782658152374736,
                                    -3.953676144389634,
                                    1.1507939938764227,
                                    4.048770436460035,
                                    -1.5415248011948413,
                                    1.3162354938700846,
                                    0.41323331142330844,
                                    -2.483040372385511,
                                    2.1509257792740097,
                                    -1.636314953328095,
                                    -0.6919257438493727,
                                    -1.1767409467620797,
                                    0.4243016072371001,
                                    0.20181185496900497,
                                    -0.08688666481041271,
                                    4.399261848558091,
                                    -0.13682583255576272,
                                    0.04174769817635562,
                                    0.019917088357947536,
                                    0.017919601303717208
                                ],
                                [
                                    0.056462746940600564,
                                    -0.5678575641959615,
                                    0.6721682235093595,
                                    -0.5873741889859313,
                                    1.3404760655458294,
                                    4.259175909719797,
                                    -2.7712348698049962,
                                    -0.3786775907928022,
                                    0.8376118178594865,
                                    -1.5985164424171594,
                                    1.3789653957860908,
                                    1.3993905546394194,
                                    -1.653342746144643,
                                    1.5835362194343938,
                                    0.13502896485299865,
                                    0.4352576331120337,
                                    -0.4325134059495464,
                                    -0.2094057456023467,
                                    0.8970479450722907,
                                    -0.13682583255576272,
                                    2.22114343969879,
                                    0.08324101640796017,
                                    -0.04867738917901606,
                                    -0.004468446513347433
                                ],
                                [
                                    0.4407162909265852,
                                    0.5253358885076564,
                                    -0.17366375343199392,
                                    0.3208191836378261,
                                    -1.3541327851032352,
                                    -0.30773326527610717,
                                    0.2842114555388814,
                                    0.5581256840676997,
                                    -0.4169248195807741,
                                    1.224698397928579,
                                    -0.9178829088215108,
                                    -0.28940474980356823,
                                    -0.21113888286849664,
                                    -0.6678643424048452,
                                    0.396244013636908,
                                    0.1389340811075985,
                                    0.14837277233388463,
                                    -0.11465233159324087,
                                    -0.003313070699188853,
                                    0.04174769817635562,
                                    0.08324101640796017,
                                    0.7272891325144554,
                                    0.047026144335788965,
                                    -0.0021581451874026136
                                ],
                                [
                                    0.058488007079083554,
                                    0.2141774390577828,
                                    0.11665060908148221,
                                    0.027272791186539424,
                                    -0.09615157788871855,
                                    -0.2995037071162774,
                                    0.11933395176155578,
                                    0.09899770486441213,
                                    -0.14640006286989646,
                                    0.2049763966862531,
                                    -0.14272444892674865,
                                    -0.2410664168360698,
                                    0.05971793042138042,
                                    -0.12229078475842599,
                                    -0.041639731488402214,
                                    -0.09104548924805621,
                                    -0.07366537834212351,
                                    0.032450299164143374,
                                    -0.06558733422540751,
                                    0.019917088357947536,
                                    -0.04867738917901606,
                                    0.047026144335788965,
                                    0.0934362823896238,
                                    -0.008114373728537613
                                ],
                                [
                                    -0.013998522703897903,
                                    -0.21292596316805412,
                                    0.11847546069692393,
                                    0.07993790370397044,
                                    0.08085347667881311,
                                    0.04909422829392964,
                                    -0.04578244511882697,
                                    -0.012874757335181113,
                                    0.04651852976980562,
                                    0.1458946870167471,
                                    -0.01139395683294337,
                                    0.17411299963049315,
                                    -0.06954461529966834,
                                    -0.028733600381438667,
                                    -0.04634784006256653,
                                    -0.0006001211628632564,
                                    -0.04363465227665679,
                                    0.007847010444990357,
                                    -0.0003519422000561241,
                                    0.017919601303717208,
                                    -0.004468446513347433,
                                    -0.0021581451874026136,
                                    -0.008114373728537613,
                                    0.026747831899676288
                                ]
                            ]
                        ],
                        "frozen" : false
                    },
                    {
                        "class" : "Distribution",
                        "name" : "MultivariateGaussianDistribution",
                        "parameters" : [
                            [
                                13.983545439384343,
                                -25.42591002327197,
                                -1.9019688999831765,
                                -9.732144869744612,
                                -8.919249662148687,
                                -5.577139016031176,
                                -0.8025434683814614,
                                2.8157912116303248,
                                -5.4751239950046005,
                                0.649087086249817,
                                0.33331963390035557,
                                -8.382859148526029,
                                1.8648316799213236,
                                -0.16418565389834633,
                                -0.55516895497705,
                                1.0954541223537873,
                                -0.315153123869796,
                                0.0809961212065591,
                                -0.8687006493194886,
                                0.3730804547717039,
                                -0.5839207968487627,
                                -0.004389309544282568,
                                0.008392041692535261,
                                0.0225000778279338
                            ],
                            [
                                [
                                    10.062321420380984,
                                    6.462421005352486,
                                    -3.9051573288725163,
                                    1.5692659270492728,
                                    -12.427983153830322,
                                    1.2818998521776888,
                                    -3.2251503390643976,
                                    14.191899902845423,
                                    -10.344581663533305,
                                    -6.107754868709917,
                                    5.026217611064303,
                                    -5.835356268414419,
                                    5.010222723306579,
                                    -1.4126017716801593,
                                    -0.25183879912434365,
                                    -1.9231262328864978,
                                    -0.6675744089998116,
                                    0.38381102014927976,
                                    -0.9669475764707959,
                                    1.5117273145049361,
                                    0.056462746940600564,
                                    0.4407162909265852,
                                    0.058488007079083554,
                                    -0.013998522703897903
                                ],
                                [
                                    6.462421005352486,
                                    96.99655279703791,
                                    -28.250296590022252,
                                    -1.9383067061465806,
                                    -56.56684659695649,
                                    -13.6310980584515,
                                    -13.60018440631247,
                                    44.73871198324391,
                                    -38.2956951490508,
                                    -31.418277751746544,
                                    24.470663793595353,
                                    -37.11436264507516,
