{
    "class" : "HiddenMarkovModel",
    "name" : "None",
    "start" : {
        "class" : "State",
        "distribution" : null,
        "name" : "None-start",
        "weight" : 1.0
    },
    "end" : {
        "class" : "State",
        "distribution" : null,
        "name" : "None-end",
        "weight" : 1.0
    },
    "states" : [
        {
            "class" : "State",
            "distribution" : {
                "class" : "GeneralMixtureModel",
                "distributions" : [
                    {
                        "class" : "Distribution",
                        "name" : "MultivariateGaussianDistribution",
                        "parameters" : [
                            [
                                14.246437198834627,
                                -21.715503029977537,
                                -3.958603679782654,
                                -3.1374120597776693,
                                -12.423164396988323,
                                -4.732634222192802,
                                -3.665353568739017,
                                5.809426794086019,
                                -6.698834462750311,
                                -0.8645884613201039,
                                2.316978735453438,
                                -6.484857219329299,
                                -2.767099642771437,
                                0.8927894719778504,
                                -0.8246226664951631,
                                1.768129194370593,
                                -0.7810858237612325,
                                -0.424037337179837,
                                -0.34705621774832124,
                                0.4520607557512092,
                                -0.46962786719437977,
                                0.15170085531125657,
                                0.08725813881846671,
                                0.024255678920147756
                            ],
                            [
                                [
                                    9.38858484081185,
                                    -2.2782346007184344,
                                    4.912665659903595,
                                    -3.089660734792424,
                                    -7.919474876524278,
                                    -1.4299665747514372,
                                    -0.29160014406908746,
                                    5.003668964199442,
                                    -9.135285495060861,
                                    6.2667218206349835,
                                    -2.717167736727764,
                                    -2.496506142543194,
                                    -2.1078498034567152,
                                    6.7439842868766995,
                                    -3.3021008801588785,
                                    0.7601861658190062,
                                    -2.888512852918436,
                                    0.3586444534883826,
                                    -0.9183382563485587,
                                    0.5221924760593899,
                                    0.1726464065359025,
                                    0.3036169099268762,
                                    0.20238692466143712,
                                    -0.04126230387764416
                                ],
                                [
                                    -2.2782346007184344,
                                    80.26289076738674,
                                    6.871141713293106,
                                    1.60978358391496,
                                    -11.640800537527362,
                                    -15.540180366547814,
                                    -28.1363609003747,
                                    -17.887062528511844,
                                    -3.967728965316022,
                                    -19.346955194930352,
                                    14.270769833846412,
                                    -13.056238531482066,
                                    -3.858126222605838,
                                    -13.137262421778448,
                                    -10.896254507870907,
                                    -7.153938809906622,
                                    -3.9849769629595913,
                                    -4.794303283764411,
                                    -1.218780679243312,
                                    -0.5108703291359813,
                                    0.14020418053888145,
                                    -0.1827864665811143,
                                    0.017697050038744565,
                                    -0.4088460661077601
                                ],
                                [
                                    4.912665659903595,
                                    6.871141713293106,
                                    72.21619414412253,
                                    2.0337397609843664,
                                    0.3087244768399284,
                                    14.862406124569038,
                                    -10.418997480997684,
                                    0.7895136187498482,
                                    1.4714827819400098,
                                    -0.6560106518405127,
                                    6.548189010146455,
                                    -7.595787978373566,
                                    -6.622267620598196,
                                    6.056270825514346,
                                    -13.913640563027114,
                                    2.726071486826646,
                                    0.9660325439214632,
                                    0.9054134811612388,
                                    -0.850756704514328,
                                    0.3235276447787409,
                                    1.3685518121521023,
                                    0.6475519897426104,
                                    0.21389882450292075,
                                    -0.01148086583683328
                                ],
                                [
                                    -3.089660734792424,
                                    1.60978358391496,
                                    2.0337397609843664,
                                    76.12062633924442,
                                    6.713909275181129,
                                    23.776428616528545,
                                    8.653550627041325,
                                    10.026540199116143,
                                    -21.370727082324958,
                                    -9.45583552582557,
                                    5.005919289339145,
                                    17.94859610714055,
                                    -8.487882848927605,
                                    10.31058677860089,
                                    1.8838261452366927,
                                    -3.518846549319263,
                                    5.980810608586159,
                                    -5.17631154417248,
                                    0.08721469866235104,
                                    1.386410841601521,
                                    -1.4613178817613697,
                                    -0.5114591969403608,
                                    0.0208604760523682,
                                    0.07032307620213948
                                ],
                                [
                                    -7.919474876524278,
                                    -11.640800537527362,
                                    0.3087244768399284,
                                    6.713909275181129,
                                    104.73659140290165,
                                    -12.918742800631318,
                                    38.84659927170991,
                                    6.818487949033366,
                                    26.77269487858721,
                                    -6.2116008462667125,
                                    -8.940533297161897,
                                    22.313164580872876,
                                    -0.17019194797354212,
                                    4.76759036680411,
                                    9.185178018742809,
                                    1.350372828166888,
                                    7.157313695159563,
                                    -1.8734105950243445,
                                    2.724074885221406,
                                    0.5767121644305814,
                                    1.4861185869715194,
                                    0.517248155414104,
                                    -0.05349617137167086,
                                    0.18219156975283887
                                ],
                                [
                                    -1.4299665747514372,
                                    -15.540180366547814,
                                    14.862406124569038,
                                    23.776428616528545,
                                    -12.918742800631318,
                                    190.80114252842716,
                                    -40.01358344327693,
                                    38.9202902878383,
                                    -18.585607434408967,
                                    -22.863835815923025,
                                    28.021890592190818,
                                    -0.0965114343042909,
                                    -12.995970337049139,
                                    15.579890411754297,
                                    -2.336788167326306,
                                    10.108252252286245,
                                    8.11642669603915,
                                    -6.9265724215369175,
                                    0.9219195637880271,
                                    -2.090563443248492,
                                    -2.8056438759116586,
                                    -1.3785648589339852,
                                    -0.4936746970866239,
                                    0.3961621509526327
                                ],
                                [
                                    -0.29160014406908746,
                                    -28.1363609003747,
                                    -10.418997480997684,
                                    8.653550627041325,
                                    38.84659927170991,
                                    -40.01358344327693,
                                    132.22528722096854,
                                    -7.024639904163604,
                                    17.58225089062854,
                                    27.70443611052518,
                                    -6.368700150398486,
                                    -0.5367702092499738,
                                    6.7888133261634165,
                                    19.599797402160775,
                                    8.443937999245655,
                                    6.17580494836919,
                                    4.9127081973663405,
                                    3.411020684782188,
                                    1.1795459044253664,
                                    2.034869603530252,
                                    -0.23784450793000791,
                                    0.8048997921153562,
                                    0.46176279638903456,
                                    0.16702487572042796
                                ],
                                [
                                    5.003668964199442,
                                    -17.887062528511844,
                                    0.7895136187498482,
                                    10.026540199116143,
                                    6.818487949033366,
                                    38.9202902878383,
                                    -7.024639904163604,
                                    85.86034184203389,
                                    -8.202089351868965,
                                    -1.9952855071233209,
                                    10.267039644354442,
                                    9.639189775669912,
                                    -15.956828568654537,
                                    10.938886349375078,
                                    3.18607096946762,
                                    6.6230660306025895,
                                    2.8415342873806178,
                                    -4.597234127884126,
                                    1.6810348184308204,
                                    -0.6334419687861009,
                                    0.8097754052758513,
                                    -0.10155081532882097,
                                    0.008396486689057634,
                                    0.14750695283385856
                                ],
                                [
                                    -9.135285495060861,
                                    -3.967728965316022,
                                    1.4714827819400098,
                                    -21.370727082324958,
                                    26.77269487858721,
                                    -18.585607434408967,
                                    17.58225089062854,
                                    -8.202089351868965,
                                    90.69976165997927,
                                    0.365001112729319,
                                    -2.7782440717642016,
                                    14.833397111382364,
                                    2.73268429968813,
                                    -12.516634761890227,
                                    5.350479803958228,
                                    0.6388033921603616,
                                    1.3103766981021607,
                                    0.7101228767151161,
                                    2.525282930768754,
                                    -1.0445744947800824,
                                    1.2289973441727302,
                                    0.5067841373755025,
                                    0.004134288690304375,
                                    -0.05247217883224325
                                ],
                                [
                                    6.2667218206349835,
                                    -19.346955194930352,
                                    -0.6560106518405127,
                                    -9.45583552582557,
                                    -6.2116008462667125,
                                    -22.863835815923025,
                                    27.70443611052518,
                                    -1.9952855071233209,
                                    0.365001112729319,
                                    90.22713700676623,
                                    -16.443083199590696,
                                    -2.8380247651389,
                                    16.232424427260217,
                                    -3.7282141884636326,
                                    1.601468972088023,
                                    -0.09146486221929417,
                                    -0.7502337829837874,
                                    5.872752952274873,
                                    -1.1699246807395218,
                                    0.17699657570832922,
                                    0.14906533121686752,
                                    0.6205079238771736,
                                    0.4175792842140534,
                                    0.19595279970233306
                                ],
                                [
                                    -2.717167736727764,
                                    14.270769833846412,
                                    6.548189010146455,
                                    5.005919289339145,
                                    -8.940533297161897,
                                    28.021890592190818,
                                    -6.368700150398486,
                                    10.267039644354442,
                                    -2.7782440717642016,
                                    -16.443083199590696,
                                    89.97922846393095,
                                    -15.208878431055943,
                                    0.9694325426983988,
                                    7.7712362954670935,
                                    -5.2899298572886355,
                                    1.43366387384172,
                                    0.19934779423904903,
                                    -4.943774369644516,
                                    2.5692318503642353,
                                    0.2514809070426551,
                                    0.23844928130824738,
                                    -0.4202555907901558,
                                    -0.32955474615342645,
                                    -0.10062705729098599
                                ],
                                [
                                    -2.496506142543194,
                                    -13.056238531482066,
                                    -7.595787978373566,
                                    17.94859610714055,
                                    22.313164580872876,
                                    -0.0965114343042909,
                                    -0.5367702092499738,
                                    9.639189775669912,
                                    14.833397111382364,
                                    -2.8380247651389,
                                    -15.208878431055943,
                                    93.15427678809306,
                                    -8.94097695193601,
                                    10.960620861952425,
                                    5.183792186187421,
                                    -2.5205299495437252,
                                    2.110493928508542,
                                    -3.3011530118689403,
                                    -0.0333215752056448,
                                    1.8922652776620978,
                                    0.2044818870851072,
                                    -0.7471249974186038,
                                    -0.01737781556231931,
                                    -0.02150432734616564
                                ],
                                [
                                    -2.1078498034567152,
                                    -3.858126222605838,
                                    -6.622267620598196,
                                    -8.487882848927605,
                                    -0.17019194797354212,
                                    -12.995970337049139,
                                    6.7888133261634165,
                                    -15.956828568654537,
                                    2.73268429968813,
                                    16.232424427260217,
                                    0.9694325426983988,
                                    -8.94097695193601,
                                    75.63572235228273,
                                    -12.234447331206686,
                                    6.854545718688143,
                                    -1.4408850412758603,
                                    -4.407145691141662,
                                    3.260663403781517,
                                    0.954717566250688,
                                    1.284355809767485,
                                    -0.5197184912580277,
                                    -0.27705804905301645,
                                    -0.18468560074592213,
                                    -0.03406864167844326
                                ],
                                [
                                    6.7439842868766995,
                                    -13.137262421778448,
                                    6.056270825514346,
                                    10.31058677860089,
                                    4.76759036680411,
                                    15.579890411754297,
                                    19.599797402160775,
                                    10.938886349375078,
                                    -12.516634761890227,
                                    -3.7282141884636326,
                                    7.7712362954670935,
                                    10.960620861952425,
                                    -12.234447331206686,
                                    67.00921580786664,
                                    -2.6958753117196688,
                                    2.8626600048432085,
                                    1.9449111717023295,
                                    -5.492469386768461,
                                    1.3193606516827165,
                                    2.9493413257286765,
                                    -0.5287426933273668,
                                    -0.3635576948078143,
                                    -0.05145557828436488,
                                    0.040990748212457684
                                ],
                                [
                                    -3.3021008801588785,
                                    -10.896254507870907,
                                    -13.913640563027114,
                                    1.8838261452366927,
                                    9.185178018742809,
                                    -2.336788167326306,
                                    8.443937999245655,
                                    3.18607096946762,
                                    5.350479803958228,
                                    1.601468972088023,
                                    -5.2899298572886355,
                                    5.183792186187421,
                                    6.854545718688143,
                                    -2.6958753117196688,
                                    39.564134350177056,
                                    -0.00896527830822953,
                                    1.9144657651672172,
                                    0.48806107106013186,
                                    1.1020974704465594,
                                    -0.3823084051802632,
                                    -0.2497660904148827,
                                    -0.06162463640840093,
                                    -0.026688430547461072,
                                    0.12130134696839463
                                ],
                                [
                                    0.7601861658190062,
                                    -7.153938809906622,
                                    2.726071486826646,
                                    -3.518846549319263,
                                    1.350372828166888,
                                    10.108252252286245,
                                    6.17580494836919,
                                    6.6230660306025895,
                                    0.6388033921603616,
                                    -0.09146486221929417,
                                    1.43366387384172,
                                    -2.5205299495437252,
                                    -1.4408850412758603,
                                    2.8626600048432085,
                                    -0.00896527830822953,
                                    28.844699312351803,
                                    2.2123597562544948,
                                    0.4768880596001156,
                                    0.19451271529586703,
                                    -0.0006587078299454437,
                                    -0.3691381684891022,
                                    0.11696191784834925,
                                    -0.07936307530266667,
                                    0.10901863870749262
                                ],
                                [
                                    -2.888512852918436,
                                    -3.9849769629595913,
                                    0.9660325439214632,
                                    5.980810608586159,
                                    7.157313695159563,
                                    8.11642669603915,
                                    4.9127081973663405,
                                    2.8415342873806178,
                                    1.3103766981021607,
                                    -0.7502337829837874,
                                    0.19934779423904903,
                                    2.110493928508542,
                                    -4.407145691141662,
                                    1.9449111717023295,
                                    1.9144657651672172,
                                    2.2123597562544948,
                                    21.84944272264452,
                                    0.5623473413049329,
                                    1.071253656120322,
                                    -0.7697227109702865,
                                    -0.31687562010594555,
                                    0.3393259993774393,
                                    0.050010898710841724,
                                    0.11105752887685202
                                ],
                                [
                                    0.3586444534883826,
                                    -4.794303283764411,
                                    0.9054134811612388,
                                    -5.17631154417248,
                                    -1.8734105950243445,
                                    -6.9265724215369175,
                                    3.411020684782188,
                                    -4.597234127884126,
                                    0.7101228767151161,
                                    5.872752952274873,
                                    -4.943774369644516,
                                    -3.3011530118689403,
                                    3.260663403781517,
                                    -5.492469386768461,
                                    0.48806107106013186,
                                    0.4768880596001156,
                                    0.5623473413049329,
                                    16.013461805582928,
                                    0.03940981011514858,
                                    -0.534582608820819,
                                    -0.3728706515072474,
                                    0.12492790047508545,
                                    -0.00977096040212412,
                                    0.057642100011853555
                                ],
                                [
                                    -0.9183382563485587,
                                    -1.218780679243312,
                                    -0.850756704514328,
                                    0.08721469866235104,
                                    2.724074885221406,
                                    0.9219195637880271,
                                    1.1795459044253664,
                                    1.6810348184308204,
                                    2.525282930768754,
                                    -1.1699246807395218,
                                    2.5692318503642353,
                                    -0.0333215752056448,
                                    0.954717566250688,
                                    1.3193606516827165,
                                    1.1020974704465594,
                                    0.19451271529586703,
                                    1.071253656120322,
                                    0.03940981011514858,
                                    7.5841870222916175,
                                    0.08101549386093346,
                                    0.2604235176825844,
                                    0.023057001614394015,
                                    0.03480916653897997,
                                    0.045053987810598786
                                ],
                                [
                                    0.5221924760593899,
                                    -0.5108703291359813,
                                    0.3235276447787409,
                                    1.386410841601521,
                                    0.5767121644305814,
                                    -2.090563443248492,
                                    2.034869603530252,
                                    -0.6334419687861009,
                                    -1.0445744947800824,
                                    0.17699657570832922,
                                    0.2514809070426551,
                                    1.8922652776620978,
                                    1.284355809767485,
                                    2.9493413257286765,
                                    -0.3823084051802632,
                                    -0.0006587078299454437,
                                    -0.7697227109702865,
                                    -0.534582608820819,
                                    0.08101549386093346,
                                    4.540440790953646,
                                    0.2657130848098238,
                                    -0.07464667835159179,
                                    0.003418748797681156,
                                    0.009642777543624251
                                ],
                                [
                                    0.1726464065359025,
                                    0.14020418053888145,
                                    1.3685518121521023,
                                    -1.4613178817613697,
                                    1.4861185869715194,
                                    -2.8056438759116586,
                                    -0.23784450793000791,
                                    0.8097754052758513,
                                    1.2289973441727302,
                                    0.14906533121686752,
                                    0.23844928130824738,
                                    0.2044818870851072,
                                    -0.5197184912580277,
                                    -0.5287426933273668,
                                    -0.2497660904148827,
                                    -0.3691381684891022,
                                    -0.31687562010594555,
                                    -0.3728706515072474,
                                    0.2604235176825844,
                                    0.2657130848098238,
                                    2.2961614140674453,
                                    0.14985614952023676,
                                    0.04481622957947729,
                                    -0.009968447900330316
                                ],
                                [
                                    0.3036169099268762,
                                    -0.1827864665811143,
                                    0.6475519897426104,
                                    -0.5114591969403608,
                                    0.517248155414104,
                                    -1.3785648589339852,
                                    0.8048997921153562,
                                    -0.10155081532882097,
                                    0.5067841373755025,
                                    0.6205079238771736,
                                    -0.4202555907901558,
                                    -0.7471249974186038,
                                    -0.27705804905301645,
                                    -0.3635576948078143,
                                    -0.06162463640840093,
                                    0.11696191784834925,
                                    0.3393259993774393,
                                    0.12492790047508545,
                                    0.023057001614394015,
                                    -0.07464667835159179,
                                    0.14985614952023676,
                                    0.8030750174055371,
                                    0.0599162383178199,
                                    0.013763109292717079
                                ],
                                [
                                    0.20238692466143712,
                                    0.017697050038744565,
                                    0.21389882450292075,
                                    0.0208604760523682,
                                    -0.05349617137167086,
                                    -0.4936746970866239,
                                    0.46176279638903456,
                                    0.008396486689057634,
                                    0.004134288690304375,
                                    0.4175792842140534,
                                    -0.32955474615342645,
                                    -0.01737781556231931,
                                    -0.18468560074592213,
                                    -0.05145557828436488,
                                    -0.026688430547461072,
                                    -0.07936307530266667,
                                    0.050010898710841724,
                                    -0.00977096040212412,
                                    0.03480916653897997,
                                    0.003418748797681156,
                                    0.04481622957947729,
                                    0.0599162383178199,
                                    0.11333049770848738,
                                    -0.003785856076698029
                                ],
                                [
                                    -0.04126230387764416,
                                    -0.4088460661077601,
                                    -0.01148086583683328,
                                    0.07032307620213948,
                                    0.18219156975283887,
                                    0.3961621509526327,
                                    0.16702487572042796,
                                    0.14750695283385856,
                                    -0.05247217883224325,
                                    0.19595279970233306,
                                    -0.10062705729098599,
                                    -0.02150432734616564,
                                    -0.03406864167844326,
                                    0.040990748212457684,
                                    0.12130134696839463,
                                    0.10901863870749262,
                                    0.11105752887685202,
                                    0.057642100011853555,
                                    0.045053987810598786,
                                    0.009642777543624251,
                                    -0.009968447900330316,
                                    0.013763109292717079,
                                    -0.003785856076698029,
                                    0.036994826158991974
                                ]
                            ]
                        ],
                        "frozen" : false
                    },
                    {
                        "class" : "Distribution",
                        "name" : "MultivariateGaussianDistribution",
                        "parameters" : [
                            [
                                14.246437198834627,
                                -21.715503029977537,
                                -3.958603679782654,
                                -3.1374120597776693,
                                -12.423164396988323,
                                -4.732634222192802,
                                -3.665353568739017,
                                5.809426794086019,
                                -6.698834462750311,
                                -0.8645884613201039,
                                2.316978735453438,
                                -6.484857219329299,
                                -2.767099642771437,
                                0.8927894719778504,
                                -0.8246226664951631,
                                1.768129194370593,
                                -0.7810858237612325,
                                -0.424037337179837,
                                -0.34705621774832124,
                                0.4520607557512092,
                                -0.46962786719437977,
                                0.15170085531125657,
                                0.08725813881846671,
                                0.024255678920147756
                            ],
                            [
                                [
                                    9.38858484081185,
                                    -2.2782346007184344,
                                    4.912665659903595,
                                    -3.089660734792424,
                                    -7.919474876524278,
                                    -1.4299665747514372,
                                    -0.29160014406908746,
                                    5.003668964199442,
                                    -9.135285495060861,
                                    6.2667218206349835,
                                    -2.717167736727764,
                                    -2.496506142543194,
                                    -2.1078498034567152,
                                    6.7439842868766995,
                                    -3.3021008801588785,
                                    0.7601861658190062,
                                    -2.888512852918436,
                                    0.3586444534883826,
                                    -0.9183382563485587,
                                    0.5221924760593899,
                                    0.1726464065359025,
                                    0.3036169099268762,
                                    0.20238692466143712,
                                    -0.04126230387764416
                                ],
                                [
                                    -2.2782346007184344,
                                    80.26289076738674,
                                    6.871141713293106,
                                    1.60978358391496,
                                    -11.640800537527362,
                                    -15.540180366547814,
                                    -28.1363609003747,
                                    -17.887062528511844,
                                    -3.967728965316022,
                                    -19.346955194930352,
                                    14.270769833846412,
                                    -13.056238531482066,
                                    -3.858126222605838,
