{
    "class" : "HiddenMarkovModel",
    "name" : "None",
    "start" : {
        "class" : "State",
        "distribution" : null,
        "name" : "None-start",
        "weight" : 1.0
    },
    "end" : {
        "class" : "State",
        "distribution" : null,
        "name" : "None-end",
        "weight" : 1.0
    },
    "states" : [
        {
            "class" : "State",
            "distribution" : {
                "class" : "GeneralMixtureModel",
                "distributions" : [
                    {
                        "class" : "Distribution",
                        "name" : "MultivariateGaussianDistribution",
                        "parameters" : [
                            [
                                14.53644716208844,
                                -22.309104902269617,
                                -10.470113010338315,
                                -4.754689966832442,
                                -10.682190658787164,
                                0.6620790330563242,
                                -9.301002813945749,
                                2.8005242665168275,
                                -4.76912828543822,
                                1.73297835818152,
                                -4.468937473371134,
                                -1.971667218619593,
                                -3.4631984265916937,
                                -1.6133723154390591,
                                -0.60425298726304,
                                0.025665147071387687,
                                0.2843688339306151,
                                -0.2708787018560502,
                                -1.16500349235049,
                                0.3854074033395002,
                                -0.35382072325064506,
                                0.08842217632461194,
                                0.03526496914033117,
                                -0.03232488900379646
                            ],
                            [
                                [
                                    7.742522307644268,
                                    5.2631159075258855,
                                    -5.213665596455129,
                                    -3.198133102932861,
                                    -8.173007379762023,
                                    3.4044804832923328,
                                    -4.904060785122902,
                                    2.1681011007778843,
                                    -2.8982286087532074,
                                    1.9167082174498316,
                                    -2.739086172400929,
                                    1.6936536660513348,
                                    -1.550751142520858,
                                    2.121334119123822,
                                    0.40889517361617705,
                                    -0.010219642147272019,
                                    -1.2983465047470917,
                                    -1.3740896594167196,
                                    0.17372322948978927,
                                    0.5410254000997556,
                                    0.06502712010899472,
                                    0.06424099169377574,
                                    0.03259295455783017,
                                    -0.12248853341804981
                                ],
                                [
                                    5.2631159075258855,
                                    187.167101699531,
                                    11.640526101459379,
                                    -133.06886488431192,
                                    -11.587008217400694,
                                    23.738392682731842,
                                    3.294337317295302,
                                    -48.50189640099584,
                                    21.348408048263195,
                                    -21.599146296777565,
                                    12.942035022879882,
                                    -41.85924539328271,
                                    -35.91921408058963,
                                    13.666452189844152,
                                    -5.061843433953605,
                                    -2.1191923148682306,
                                    -11.796965906240061,
                                    -6.213014980533355,
                                    4.118425867305511,
                                    0.19377109665308292,
                                    0.5091657459789672,
                                    0.6705168834747828,
                                    0.6608140833346489,
                                    -0.4698106504174643
                                ],
                                [
                                    -5.213665596455129,
                                    11.640526101459379,
                                    62.398505836301545,
                                    15.33831432880174,
                                    -3.713882335626523,
                                    35.70367166912225,
                                    -14.945605959456765,
                                    5.086699172223627,
                                    -9.580641982255758,
                                    -8.44694253138655,
                                    12.857262383715069,
                                    -14.799213341224823,
                                    -3.168425768464257,
                                    -8.963178395109383,
                                    0.9171343654295936,
                                    0.47567650794006844,
                                    0.6660534190480139,
                                    0.44151010788939127,
                                    -1.121961429578328,
                                    0.3826915234395081,
                                    0.2783148922861247,
                                    0.2621116192550465,
                                    -0.07720828501664584,
                                    0.18338609075806492
                                ],
                                [
                                    -3.198133102932861,
                                    -133.06886488431192,
                                    15.33831432880174,
                                    198.86233152733388,
                                    16.348711024864247,
                                    13.34833032434041,
                                    -16.284421042298295,
                                    55.38535436127764,
                                    -39.222318307903066,
                                    4.85910147718894,
                                    -5.46595257275416,
                                    42.234389412387635,
                                    32.9927793702402,
                                    -13.486865786489314,
                                    0.4435310105385064,
                                    -1.8713377188554943,
                                    10.827700689473334,
                                    3.188015614063979,
                                    -4.320630943446305,
                                    1.0981172343486578,
                                    -1.3293677615555206,
                                    -1.4191921091234396,
                                    -0.9915487774884734,
                                    0.45810432894590586
                                ],
                                [
                                    -8.173007379762023,
                                    -11.587008217400694,
                                    -3.713882335626523,
                                    16.348711024864247,
                                    89.68578067000114,
                                    -28.882257978281878,
                                    30.249779840677494,
                                    -7.990681073331384,
                                    19.08427259427014,
                                    7.517965546868057,
                                    -16.261509752135137,
                                    7.559435096097311,
                                    13.030960748336769,
                                    3.351162225402903,
                                    0.6615768942251732,
                                    0.48274699946156224,
                                    1.895861187840645,
                                    4.886380237609255,
                                    0.6335290511390185,
                                    -1.2880695428624849,
                                    0.267276800347381,
                                    -0.3602521004289696,
                                    0.0006063227500611646,
                                    0.03545528699339701
                                ],
                                [
                                    3.4044804832923328,
                                    23.738392682731842,
                                    35.70367166912225,
                                    13.34833032434041,
                                    -28.882257978281878,
                                    134.33903697913735,
                                    -39.64520033658516,
                                    26.619318835517802,
                                    -26.760388957914405,
                                    -24.67873393546083,
                                    29.856290254574258,
                                    -20.548842414366813,
                                    -8.244717758659434,
                                    -6.211468594028934,
                                    -4.484456137688558,
                                    -0.6158959314122587,
                                    -6.13508751045137,
                                    -5.6935803564463905,
                                    -1.0827044238552395,
                                    2.25563224784127,
                                    0.7754577383845533,
                                    0.18339001110276923,
                                    -0.10465271204165402,
                                    0.15970271337256137
                                ],
                                [
                                    -4.904060785122902,
                                    3.294337317295302,
                                    -14.945605959456765,
                                    -16.284421042298295,
                                    30.249779840677494,
                                    -39.64520033658516,
                                    91.52341021195497,
                                    -16.15246283579337,
                                    25.620292724679285,
                                    13.896845118873483,
                                    -14.423429169124129,
                                    8.927081240290546,
                                    0.6336780808858943,
                                    11.06724273947229,
                                    4.54361396132678,
                                    0.6993112369741126,
                                    2.89986174706228,
                                    2.363922725857477,
                                    0.2368281616316726,
                                    -1.5950535617399841,
                                    -0.23566692163888187,
                                    -0.08480352706684174,
                                    0.21409344115169293,
                                    -0.1563702120202149
                                ],
                                [
                                    2.1681011007778843,
                                    -48.50189640099584,
                                    5.086699172223627,
                                    55.38535436127764,
                                    -7.990681073331384,
                                    26.619318835517802,
                                    -16.15246283579337,
                                    82.69792830885997,
                                    -18.306400623190733,
                                    -1.0520227819133807,
                                    9.022826789264355,
                                    14.26262857256318,
                                    12.825797749589634,
                                    -8.699981103795185,
                                    4.064444581536509,
                                    1.7070539936373996,
                                    -0.6854523923532981,
                                    -2.4469232757712347,
                                    -2.6266589833425984,
                                    2.272503766504156,
                                    -0.10501799474805867,
                                    -0.5336470514573102,
                                    -0.15749589361505106,
                                    0.09434561437375195
                                ],
                                [
                                    -2.8982286087532074,
                                    21.348408048263195,
                                    -9.580641982255758,
                                    -39.222318307903066,
                                    19.08427259427014,
                                    -26.760388957914405,
                                    25.620292724679285,
                                    -18.306400623190733,
                                    84.83231572648778,
                                    11.423666339701056,
                                    0.7891408090505245,
                                    -6.1803605773050645,
                                    -11.940684912623487,
                                    10.475257976879906,
                                    -3.4333492014813904,
                                    1.837495930491072,
                                    0.4863880258380804,
                                    -1.3341336992848767,
                                    1.0617361904346065,
                                    -2.339731705050482,
                                    0.37232955283812874,
                                    1.0185622062301858,
                                    0.08689201309897639,
                                    -0.09392214963578764
                                ],
                                [
                                    1.9167082174498316,
                                    -21.599146296777565,
                                    -8.44694253138655,
                                    4.85910147718894,
                                    7.517965546868057,
                                    -24.67873393546083,
                                    13.896845118873483,
                                    -1.0520227819133807,
                                    11.423666339701056,
                                    66.64472850568713,
                                    -6.386378340865058,
                                    5.979030605698363,
                                    5.682200977988574,
                                    -5.018167140265044,
                                    1.6159600132700007,
                                    0.6187783043200961,
                                    2.6225233048625625,
                                    7.306461294646522,
                                    -2.66692738599779,
                                    -1.4599871595650842,
                                    -0.17978553161831437,
                                    0.3712417503823635,
                                    0.2359116139379362,
                                    0.055615350819156466
                                ],
                                [
                                    -2.739086172400929,
                                    12.942035022879882,
                                    12.857262383715069,
                                    -5.46595257275416,
                                    -16.261509752135137,
                                    29.856290254574258,
                                    -14.423429169124129,
                                    9.022826789264355,
                                    0.7891408090505245,
                                    -6.386378340865058,
                                    62.58823816254191,
                                    -6.364392768181222,
                                    -8.79079790961368,
                                    -1.7850073993203244,
                                    -0.40789764159718084,
                                    1.6146887772737062,
                                    -2.9261702176939806,
                                    -4.058739679728408,
                                    0.14474304851010789,
                                    0.884896039871774,
                                    0.5029108881166037,
                                    0.41014245713868847,
                                    -0.16965979201196812,
                                    0.11742277181337775
                                ],
                                [
                                    1.6936536660513348,
                                    -41.85924539328271,
                                    -14.799213341224823,
                                    42.234389412387635,
                                    7.559435096097311,
                                    -20.548842414366813,
                                    8.927081240290546,
                                    14.26262857256318,
                                    -6.1803605773050645,
                                    5.979030605698363,
                                    -6.364392768181222,
                                    65.24845311173313,
                                    18.820528744973746,
                                    1.350097768553792,
                                    0.1386282800206783,
                                    -1.5316847333688401,
                                    0.9952386110763998,
                                    -0.4078089395488497,
                                    -0.8545636395386249,
                                    1.7387078807486287,
                                    0.5121307083244511,
                                    -0.6001989347901824,
                                    -0.16974494041005342,
                                    0.08000695043328128
                                ],
                                [
                                    -1.550751142520858,
                                    -35.91921408058963,
                                    -3.168425768464257,
                                    32.9927793702402,
                                    13.030960748336769,
                                    -8.244717758659434,
                                    0.6336780808858943,
                                    12.825797749589634,
                                    -11.940684912623487,
                                    5.682200977988574,
                                    -8.79079790961368,
                                    18.820528744973746,
                                    52.053697358498574,
                                    0.33537482073138325,
                                    3.3606175363293,
                                    -2.493533275898955,
                                    1.8082291164167923,
                                    2.4707224094509446,
                                    -0.8540612454845977,
                                    0.1701241334132077,
                                    -0.18920540825520146,
                                    -0.8024621855027517,
                                    -0.20700831329377886,
                                    0.06975970106225816
                                ],
                                [
                                    2.121334119123822,
                                    13.666452189844152,
                                    -8.963178395109383,
                                    -13.486865786489314,
                                    3.351162225402903,
                                    -6.211468594028934,
                                    11.06724273947229,
                                    -8.699981103795185,
                                    10.475257976879906,
                                    -5.018167140265044,
                                    -1.7850073993203244,
                                    1.350097768553792,
                                    0.33537482073138325,
                                    39.2654615431489,
                                    4.191505761260444,
                                    -0.5293749993346387,
                                    -3.2172407932566447,
                                    -3.16777750157041,
                                    1.9638973828240556,
                                    0.12356392731883216,
                                    0.00010368634589202963,
                                    -0.4074625558887998,
                                    -0.08767481117731489,
                                    -0.1980832795473104
                                ],
                                [
                                    0.40889517361617705,
                                    -5.061843433953605,
                                    0.9171343654295936,
                                    0.4435310105385064,
                                    0.6615768942251732,
                                    -4.484456137688558,
                                    4.54361396132678,
                                    4.064444581536509,
                                    -3.4333492014813904,
                                    1.6159600132700007,
                                    -0.40789764159718084,
                                    0.1386282800206783,
                                    3.3606175363293,
                                    4.191505761260444,
                                    26.000732208762695,
                                    3.5482783686086465,
                                    0.2981907790371752,
                                    -0.4352854491760891,
                                    0.5080417035202883,
                                    0.4257253428126745,
                                    -0.08039309095886893,
                                    -0.11567960600943299,
                                    -0.07298722286463198,
                                    -0.02990569251570368
                                ],
                                [
                                    -0.010219642147272019,
                                    -2.1191923148682306,
                                    0.47567650794006844,
                                    -1.8713377188554943,
                                    0.48274699946156224,
                                    -0.6158959314122587,
                                    0.6993112369741126,
                                    1.7070539936373996,
                                    1.837495930491072,
                                    0.6187783043200961,
                                    1.6146887772737062,
                                    -1.5316847333688401,
                                    -2.493533275898955,
                                    -0.5293749993346387,
                                    3.5482783686086465,
                                    22.975082808104396,
                                    2.929658395533073,
                                    -0.6302229424260601,
                                    0.40798192098882174,
                                    -0.23187332924428034,
                                    0.06300163293812637,
                                    -0.18973904652749368,
                                    -0.06942823029264192,
                                    -0.026070610832917836
                                ],
                                [
                                    -1.2983465047470917,
                                    -11.796965906240061,
                                    0.6660534190480139,
                                    10.827700689473334,
                                    1.895861187840645,
                                    -6.13508751045137,
                                    2.89986174706228,
                                    -0.6854523923532981,
                                    0.4863880258380804,
                                    2.6225233048625625,
                                    -2.9261702176939806,
                                    0.9952386110763998,
                                    1.8082291164167923,
                                    -3.2172407932566447,
                                    0.2981907790371752,
                                    2.929658395533073,
                                    18.22177439547521,
                                    4.563039106938451,
                                    -0.6262540182346071,
                                    -0.731588577980828,
                                    -0.2295806273128457,
                                    0.21656893033143268,
                                    0.008079399714253158,
                                    0.17283167557582518
                                ],
                                [
                                    -1.3740896594167196,
                                    -6.213014980533355,
                                    0.44151010788939127,
                                    3.188015614063979,
                                    4.886380237609255,
                                    -5.6935803564463905,
                                    2.363922725857477,
                                    -2.4469232757712347,
                                    -1.3341336992848767,
                                    7.306461294646522,
                                    -4.058739679728408,
                                    -0.4078089395488497,
                                    2.4707224094509446,
                                    -3.16777750157041,
                                    -0.4352854491760891,
                                    -0.6302229424260601,
                                    4.563039106938451,
                                    13.149409796585928,
                                    0.6228912486081162,
                                    -0.990506209598807,
                                    -0.3722235601583831,
                                    0.11632878139549986,
                                    -0.07233026130710009,
                                    0.17022571722036528
                                ],
                                [
                                    0.17372322948978927,
                                    4.118425867305511,
                                    -1.121961429578328,
                                    -4.320630943446305,
                                    0.6335290511390185,
                                    -1.0827044238552395,
                                    0.2368281616316726,
                                    -2.6266589833425984,
                                    1.0617361904346065,
                                    -2.66692738599779,
                                    0.14474304851010789,
                                    -0.8545636395386249,
                                    -0.8540612454845977,
                                    1.9638973828240556,
                                    0.5080417035202883,
                                    0.40798192098882174,
                                    -0.6262540182346071,
                                    0.6228912486081162,
                                    7.101944207813539,
                                    0.9737258327731628,
                                    -0.08786537340405066,
                                    -0.28495845221746746,
                                    -0.06035904522516977,
                                    -0.026766546910854252
                                ],
                                [
                                    0.5410254000997556,
                                    0.19377109665308292,
                                    0.3826915234395081,
                                    1.0981172343486578,
                                    -1.2880695428624849,
                                    2.25563224784127,
                                    -1.5950535617399841,
                                    2.272503766504156,
                                    -2.339731705050482,
                                    -1.4599871595650842,
                                    0.884896039871774,
                                    1.7387078807486287,
                                    0.1701241334132077,
                                    0.12356392731883216,
                                    0.4257253428126745,
                                    -0.23187332924428034,
                                    -0.731588577980828,
                                    -0.990506209598807,
                                    0.9737258327731628,
                                    4.324789967658417,
                                    0.39075430229931857,
                                    -0.134420126894136,
                                    -0.023034778407095537,
                                    -0.007586200430563404
                                ],
                                [
                                    0.06502712010899472,
                                    0.5091657459789672,
                                    0.2783148922861247,
                                    -1.3293677615555206,
                                    0.267276800347381,
                                    0.7754577383845533,
                                    -0.23566692163888187,
                                    -0.10501799474805867,
                                    0.37232955283812874,
                                    -0.17978553161831437,
                                    0.5029108881166037,
                                    0.5121307083244511,
                                    -0.18920540825520146,
                                    0.00010368634589202963,
                                    -0.08039309095886893,
                                    0.06300163293812637,
                                    -0.2295806273128457,
                                    -0.3722235601583831,
                                    -0.08786537340405066,
                                    0.39075430229931857,
                                    1.9820773536673026,
                                    0.22538051584817836,
                                    -0.03183565294255913,
                                    -0.007306821905952778
                                ],
                                [
                                    0.06424099169377574,
                                    0.6705168834747828,
                                    0.2621116192550465,
                                    -1.4191921091234396,
                                    -0.3602521004289696,
                                    0.18339001110276923,
                                    -0.08480352706684174,
                                    -0.5336470514573102,
                                    1.0185622062301858,
                                    0.3712417503823635,
                                    0.41014245713868847,
                                    -0.6001989347901824,
                                    -0.8024621855027517,
                                    -0.4074625558887998,
                                    -0.11567960600943299,
                                    -0.18973904652749368,
                                    0.21656893033143268,
                                    0.11632878139549986,
                                    -0.28495845221746746,
                                    -0.134420126894136,
                                    0.22538051584817836,
                                    0.7390203074940513,
                                    0.048991587666964376,
                                    0.02085646992043347
                                ],
                                [
                                    0.03259295455783017,
                                    0.6608140833346489,
                                    -0.07720828501664584,
                                    -0.9915487774884734,
                                    0.0006063227500611646,
                                    -0.10465271204165402,
                                    0.21409344115169293,
                                    -0.15749589361505106,
                                    0.08689201309897639,
                                    0.2359116139379362,
                                    -0.16965979201196812,
                                    -0.16974494041005342,
                                    -0.20700831329377886,
                                    -0.08767481117731489,
                                    -0.07298722286463198,
                                    -0.06942823029264192,
                                    0.008079399714253158,
                                    -0.07233026130710009,
                                    -0.06035904522516977,
                                    -0.023034778407095537,
                                    -0.03183565294255913,
                                    0.048991587666964376,
                                    0.11097341990630112,
                                    -0.012677175245129697
                                ],
                                [
                                    -0.12248853341804981,
                                    -0.4698106504174643,
                                    0.18338609075806492,
                                    0.45810432894590586,
                                    0.03545528699339701,
                                    0.15970271337256137,
                                    -0.1563702120202149,
                                    0.09434561437375195,
                                    -0.09392214963578764,
                                    0.055615350819156466,
                                    0.11742277181337775,
                                    0.08000695043328128,
                                    0.06975970106225816,
                                    -0.1980832795473104,
                                    -0.02990569251570368,
                                    -0.026070610832917836,
                                    0.17283167557582518,
                                    0.17022571722036528,
                                    -0.026766546910854252,
                                    -0.007586200430563404,
                                    -0.007306821905952778,
                                    0.02085646992043347,
                                    -0.012677175245129697,
                                    0.03820771167432282
                                ]
                            ]
                        ],
                        "frozen" : false
                    },
                    {
                        "class" : "Distribution",
                        "name" : "MultivariateGaussianDistribution",
                        "parameters" : [
                            [
                                14.53644716208844,
                                -22.309104902269617,
                                -10.470113010338315,
                                -4.754689966832442,
                                -10.682190658787164,
                                0.6620790330563242,
                                -9.301002813945749,
                                2.8005242665168275,
                                -4.76912828543822,
                                1.73297835818152,
                                -4.468937473371134,
                                -1.971667218619593,
                                -3.4631984265916937,
                                -1.6133723154390591,
                                -0.60425298726304,
                                0.025665147071387687,
                                0.2843688339306151,
                                -0.2708787018560502,
                                -1.16500349235049,
                                0.3854074033395002,
                                -0.35382072325064506,
                                0.08842217632461194,
                                0.03526496914033117,
                                -0.03232488900379646
                            ],
                            [
                                [
                                    7.742522307644268,
                                    5.2631159075258855,
                                    -5.213665596455129,
                                    -3.198133102932861,
                                    -8.173007379762023,
                                    3.4044804832923328,
                                    -4.904060785122902,
                                    2.1681011007778843,
                                    -2.8982286087532074,
                                    1.9167082174498316,
                                    -2.739086172400929,
                                    1.6936536660513348,
                                    -1.550751142520858,
                                    2.121334119123822,
                                    0.40889517361617705,
                                    -0.010219642147272019,
                                    -1.2983465047470917,
                                    -1.3740896594167196,
                                    0.17372322948978927,
                                    0.5410254000997556,
                                    0.06502712010899472,
                                    0.06424099169377574,
                                    0.03259295455783017,
                                    -0.12248853341804981
                                ],
                                [
                                    5.2631159075258855,
                                    187.167101699531,
                                    11.640526101459379,
                                    -133.06886488431192,
                                    -11.587008217400694,
                                    23.738392682731842,
                                    3.294337317295302,
                                    -48.50189640099584,
                                    21.348408048263195,
                                    -21.599146296777565,
                                    12.942035022879882,
                                    -41.85924539328271,
                                    -35.91921408058963,
