{
    "class" : "HiddenMarkovModel",
    "name" : "None",
    "start" : {
        "class" : "State",
        "distribution" : null,
        "name" : "None-start",
        "weight" : 1.0
    },
    "end" : {
        "class" : "State",
        "distribution" : null,
        "name" : "None-end",
        "weight" : 1.0
    },
    "states" : [
        {
            "class" : "State",
            "distribution" : {
                "class" : "GeneralMixtureModel",
                "distributions" : [
                    {
                        "class" : "Distribution",
                        "name" : "MultivariateGaussianDistribution",
                        "parameters" : [
                            [
                                13.861204169013657,
                                0.6531079019684718,
                                8.392414914055513,
                                -4.222040440901348,
                                -19.150192617255836,
                                -3.0979769157386228,
                                -28.419615217684186,
                                -2.5181703795650683,
                                -3.9409316196073876,
                                -12.348542339961273,
                                0.5512374909680943,
                                -14.562851471535376,
                                -0.2948626013119558,
                                -8.360601937411799,
                                -0.5012965439250889,
                                -1.7544535235134344,
                                0.3460580449076316,
                                -0.6473855192885731,
                                -1.8816877473438598,
                                -0.747012881582018,
                                -1.6632684208770114,
                                -0.3267995967138638,
                                -0.11553205950835498,
                                0.034311501617651605
                            ],
                            [
                                [
                                    7.538262454740847,
                                    22.10536811664269,
                                    3.577325361933041,
                                    0.21781072910616886,
                                    -16.23252094782758,
                                    -3.846266960190592,
                                    -14.674307933594811,
                                    4.591938166241216,
                                    1.5026073296099793,
                                    -7.411250943193465,
                                    -4.130776304712582,
                                    -2.828100544017114,
                                    4.503692646093435,
                                    -10.147436868776818,
                                    8.993912862650545,
                                    -1.2239268508172747,
                                    3.404335953844175,
                                    2.8156550894944137,
                                    1.0331653703115504,
                                    0.8024300926292722,
                                    -0.9753419767473159,
                                    -0.7350615511277273,
                                    -0.3362235045773973,
                                    0.17413157900973547
                                ],
                                [
                                    22.10536811664269,
                                    235.16107672863748,
                                    65.11988336960209,
                                    -31.297491692398292,
                                    -71.97296631547,
                                    -22.463788484718695,
                                    -132.46283401815137,
                                    -27.88232422416777,
                                    24.865170227614986,
                                    -42.974688535565896,
                                    -10.764926289407498,
                                    -55.80978666076571,
                                    28.585876303944058,
                                    -58.16158767978916,
                                    38.948626803457266,
                                    1.8842088846645848,
                                    -0.7208874534010328,
                                    1.8396522475319832,
                                    -6.610359958427177,
                                    -8.562516054543696,
                                    -9.822792983235495,
                                    -5.072289202699571,
                                    -0.6564521785411265,
                                    0.8227107412393847
                                ],
                                [
                                    3.577325361933041,
                                    65.11988336960209,
                                    113.96105628737126,
                                    19.570589544705378,
                                    -15.555105453572695,
                                    -7.781200654970308,
                                    -64.52186127863388,
                                    -38.02349200368448,
                                    15.53634380688418,
                                    -7.581228324244621,
                                    4.592948203799617,
                                    -10.622242995027076,
                                    11.645557758131032,
                                    -20.337190727000383,
                                    5.096264767852455,
                                    5.603825449704645,
                                    -10.539299159312886,
                                    -11.642139139309641,
                                    -9.288307029546361,
                                    -8.33601612932432,
                                    -2.7665349652272853,
                                    -0.6964978579435103,
                                    0.905194217217665,
                                    -0.17049601269480688
                                ],
                                [
                                    0.21781072910616886,
                                    -31.297491692398292,
                                    19.570589544705378,
                                    102.79370309665066,
                                    -19.150837180559577,
                                    20.954578800802405,
                                    11.722665936574325,
                                    22.265408943538567,
                                    16.636688969536255,
                                    -43.02119333984489,
                                    5.391441479474179,
                                    10.331305027058681,
                                    -4.643784245238749,
                                    -6.2609570826425145,
                                    -15.150110260333935,
                                    6.324872794789586,
                                    14.684430433929357,
                                    -2.849096368627411,
                                    4.554481163442526,
                                    2.0848321700492676,
                                    1.2042820469229054,
                                    1.2836294578575784,
                                    0.7573439235985873,
                                    -0.12172489596854212
                                ],
                                [
                                    -16.23252094782758,
                                    -71.97296631547,
                                    -15.555105453572695,
                                    -19.150837180559577,
                                    114.33639276661297,
                                    -24.431221280412068,
                                    66.80275124643751,
                                    -16.63563554366579,
                                    -20.77908067573031,
                                    45.92907487031934,
                                    3.5226224306167717,
                                    34.28015735283208,
                                    -15.855282546492708,
                                    40.67681320783726,
                                    -12.194324229227226,
                                    3.043271771125829,
                                    -12.40185361482681,
                                    -6.493464740842386,
                                    -0.812630345372516,
                                    1.3917444723255412,
                                    6.074469783946052,
                                    2.7337677266991,
                                    1.0231226011087626,
                                    -0.548084824134615
                                ],
                                [
                                    -3.846266960190592,
                                    -22.463788484718695,
                                    -7.781200654970308,
                                    20.954578800802405,
                                    -24.431221280412068,
                                    209.81921287209585,
                                    -74.24350504999911,
                                    86.33059761469701,
                                    55.173743573342904,
                                    -44.53814182054562,
                                    54.490544239918414,
                                    -33.02721847409552,
                                    32.88456279887512,
                                    -16.001462519171472,
                                    10.09871451021033,
                                    -6.819453629593836,
                                    -3.965282415632672,
                                    -5.198164745441502,
                                    -1.839150570723846,
                                    -2.013217330352608,
                                    -2.517372599071788,
                                    -0.6311891827809496,
                                    -1.0581834257356533,
                                    -0.058791682357351
                                ],
                                [
                                    -14.674307933594811,
                                    -132.46283401815137,
                                    -64.52186127863388,
                                    11.722665936574325,
                                    66.80275124643751,
                                    -74.24350504999911,
                                    212.73725331834612,
                                    -20.12968165540799,
                                    -44.54253799543555,
                                    56.00990400589973,
                                    -16.205550049074375,
                                    53.445996861918616,
                                    -42.35810883144856,
                                    58.67716534306156,
                                    -41.22708230461354,
                                    8.364535671586195,
                                    10.310031542126982,
                                    11.351033425446047,
                                    11.660259461646595,
                                    11.647253389040662,
                                    10.919525675314182,
                                    2.7722929583371823,
                                    0.6712854315627662,
                                    -0.41656133219995295
                                ],
                                [
                                    4.591938166241216,
                                    -27.88232422416777,
                                    -38.02349200368448,
                                    22.265408943538567,
                                    -16.63563554366579,
                                    86.33059761469701,
                                    -20.12968165540799,
                                    147.06513260129663,
                                    20.367627876561734,
                                    -50.04023599684583,
                                    22.550591853520853,
                                    1.0828914064785276,
                                    25.064208064536427,
                                    -31.819146887968245,
                                    9.433090138045348,
                                    -6.051359389224194,
                                    15.283047173301345,
                                    7.901472064121137,
                                    6.640671753689552,
                                    1.379994867499228,
                                    -2.095069915688584,
                                    -1.3285868089588446,
                                    -1.7579012351928267,
                                    0.47659500183249554
                                ],
                                [
                                    1.5026073296099793,
                                    24.865170227614986,
                                    15.53634380688418,
                                    16.636688969536255,
                                    -20.77908067573031,
                                    55.173743573342904,
                                    -44.54253799543555,
                                    20.367627876561734,
                                    106.5791987749732,
                                    -53.81956561434109,
                                    23.028444772002185,
                                    -14.495291713237366,
                                    14.197789107471197,
                                    -27.306825168157108,
                                    3.8259331633138984,
                                    12.79235417993023,
                                    4.0320688645784655,
                                    -0.24615869893151704,
                                    2.4069808858925614,
                                    -4.143932712717256,
                                    -1.523594390535726,
                                    -1.6925545390557064,
                                    0.13717937091031554,
                                    0.310292005544848
                                ],
                                [
                                    -7.411250943193465,
                                    -42.974688535565896,
                                    -7.581228324244621,
                                    -43.02119333984489,
                                    45.92907487031934,
                                    -44.53814182054562,
                                    56.00990400589973,
                                    -50.04023599684583,
                                    -53.81956561434109,
                                    183.1126295307922,
                                    -42.943362930257834,
                                    9.055645269467298,
                                    -24.675443536524504,
                                    42.347906503902486,
                                    -10.516247103425378,
                                    -27.88851498306397,
                                    -12.523379822190094,
                                    -1.025847725742416,
                                    -3.8683861600960867,
                                    4.727835968576909,
                                    6.252504363260744,
                                    4.78338210640946,
                                    0.9705144563398894,
                                    -1.1273782576826605
                                ],
                                [
                                    -4.130776304712582,
                                    -10.764926289407498,
                                    4.592948203799617,
                                    5.391441479474179,
                                    3.5226224306167717,
                                    54.490544239918414,
                                    -16.205550049074375,
                                    22.550591853520853,
                                    23.028444772002185,
                                    -42.943362930257834,
                                    104.62642014042812,
                                    -3.2354445945227597,
                                    17.368397028989776,
                                    14.067365617488539,
                                    -0.9494801837718407,
                                    13.448635669739083,
                                    -17.617956370177055,
                                    -11.118714331832033,
                                    -4.239785335172515,
                                    -2.7642506198678225,
                                    -0.21654153403530477,
                                    -1.805601065526622,
                                    -0.3790416859827127,
                                    0.06887387308629266
                                ],
                                [
                                    -2.828100544017114,
                                    -55.80978666076571,
                                    -10.622242995027076,
                                    10.331305027058681,
                                    34.28015735283208,
                                    -33.02721847409552,
                                    53.445996861918616,
                                    1.0828914064785276,
                                    -14.495291713237366,
                                    9.055645269467298,
                                    -3.2354445945227597,
                                    90.86162608664755,
                                    1.2149814354936046,
                                    13.59189578197374,
                                    -2.228296752502261,
                                    11.24826939137687,
                                    6.990939062872879,
                                    0.37732596036640337,
                                    1.4147321474205405,
                                    -0.5416297395288535,
                                    1.7757475218767718,
                                    -0.24279208262203575,
                                    -0.016316380389864917,
                                    0.04456667732820378
                                ],
                                [
                                    4.503692646093435,
                                    28.585876303944058,
                                    11.645557758131032,
                                    -4.643784245238749,
                                    -15.855282546492708,
                                    32.88456279887512,
                                    -42.35810883144856,
                                    25.064208064536427,
                                    14.197789107471197,
                                    -24.675443536524504,
                                    17.368397028989776,
                                    1.2149814354936046,
                                    73.31571486535249,
                                    -19.01811760028921,
                                    23.05703137432956,
                                    6.98490553508546,
                                    -0.7112154261819587,
                                    -3.334781538554757,
                                    -4.735354174103621,
                                    -5.381613422596609,
                                    -4.713594836428246,
                                    -1.9361845186648077,
                                    -0.855916908560025,
                                    0.4392290866417345
                                ],
                                [
                                    -10.147436868776818,
                                    -58.16158767978916,
                                    -20.337190727000383,
                                    -6.2609570826425145,
                                    40.67681320783726,
                                    -16.001462519171472,
                                    58.67716534306156,
                                    -31.819146887968245,
                                    -27.306825168157108,
                                    42.347906503902486,
                                    14.067365617488539,
                                    13.59189578197374,
                                    -19.01811760028921,
                                    95.49719688930415,
                                    -7.755392926777133,
                                    6.859761172262303,
                                    -9.881652568873218,
                                    -1.4350311673156833,
                                    -2.294391190426258,
                                    3.098990869928013,
                                    5.444720634314228,
                                    1.7391299053562805,
                                    1.004204314545502,
                                    -0.43821189662571947
                                ],
                                [
                                    8.993912862650545,
                                    38.948626803457266,
                                    5.096264767852455,
                                    -15.150110260333935,
                                    -12.194324229227226,
                                    10.09871451021033,
                                    -41.22708230461354,
                                    9.433090138045348,
                                    3.8259331633138984,
                                    -10.516247103425378,
                                    -0.9494801837718407,
                                    -2.228296752502261,
                                    23.05703137432956,
                                    -7.755392926777133,
                                    68.6866419240956,
                                    -0.08367701462386865,
                                    2.1730640134861816,
                                    0.44075778643707786,
                                    -3.0219612130386566,
                                    -1.5643597298544718,
                                    -3.624138892839542,
                                    -1.7573584686029453,
                                    -0.7163057423620189,
                                    0.5262606946999097
                                ],
                                [
                                    -1.2239268508172747,
                                    1.8842088846645848,
                                    5.603825449704645,
                                    6.324872794789586,
                                    3.043271771125829,
                                    -6.819453629593836,
                                    8.364535671586195,
                                    -6.051359389224194,
                                    12.79235417993023,
                                    -27.88851498306397,
                                    13.448635669739083,
                                    11.24826939137687,
                                    6.98490553508546,
                                    6.859761172262303,
                                    -0.08367701462386865,
                                    44.91324517020477,
                                    5.634539620801793,
                                    3.7042623037482754,
                                    2.1916298382431054,
                                    -1.5191543859983665,
                                    -0.5698745867921968,
                                    -1.3796475853172232,
                                    0.06969798554455643,
                                    0.3526175612894194
                                ],
                                [
                                    3.404335953844175,
                                    -0.7208874534010328,
                                    -10.539299159312886,
                                    14.684430433929357,
                                    -12.40185361482681,
                                    -3.965282415632672,
                                    10.310031542126982,
                                    15.283047173301345,
                                    4.0320688645784655,
                                    -12.523379822190094,
                                    -17.617956370177055,
                                    6.990939062872879,
                                    -0.7112154261819587,
                                    -9.881652568873218,
                                    2.1730640134861816,
                                    5.634539620801793,
                                    36.08785392463303,
                                    11.75378011061889,
                                    5.94988509434699,
                                    1.8003119627697008,
                                    -1.409077322162364,
                                    -0.8345513828490175,
                                    -0.5236076204799771,
                                    0.2692256507384391
                                ],
                                [
                                    2.8156550894944137,
                                    1.8396522475319832,
                                    -11.642139139309641,
                                    -2.849096368627411,
                                    -6.493464740842386,
                                    -5.198164745441502,
                                    11.351033425446047,
                                    7.901472064121137,
                                    -0.24615869893151704,
                                    -1.025847725742416,
                                    -11.118714331832033,
                                    0.37732596036640337,
                                    -3.334781538554757,
                                    -1.4350311673156833,
                                    0.44075778643707786,
                                    3.7042623037482754,
                                    11.75378011061889,
                                    20.278167269033187,
                                    6.900707310729087,
                                    3.678941931186057,
                                    0.7261983304146731,
                                    -0.7288335954346122,
                                    -0.5572077401794847,
                                    0.18145097194639737
                                ],
                                [
                                    1.0331653703115504,
                                    -6.610359958427177,
                                    -9.288307029546361,
                                    4.554481163442526,
                                    -0.812630345372516,
                                    -1.839150570723846,
                                    11.660259461646595,
                                    6.640671753689552,
                                    2.4069808858925614,
                                    -3.8683861600960867,
                                    -4.239785335172515,
                                    1.4147321474205405,
                                    -4.735354174103621,
                                    -2.294391190426258,
                                    -3.0219612130386566,
                                    2.1916298382431054,
                                    5.94988509434699,
                                    6.900707310729087,
                                    12.10337755815943,
                                    4.767619560410566,
                                    1.5986255878276976,
                                    0.20045368798923852,
                                    -0.1519840145340731,
                                    0.05334780551474131
                                ],
                                [
                                    0.8024300926292722,
                                    -8.562516054543696,
                                    -8.33601612932432,
                                    2.0848321700492676,
                                    1.3917444723255412,
                                    -2.013217330352608,
                                    11.647253389040662,
                                    1.379994867499228,
                                    -4.143932712717256,
                                    4.727835968576909,
                                    -2.7642506198678225,
                                    -0.5416297395288535,
                                    -5.381613422596609,
                                    3.098990869928013,
                                    -1.5643597298544718,
                                    -1.5191543859983665,
                                    1.8003119627697008,
                                    3.678941931186057,
                                    4.767619560410566,
                                    8.506415482452706,
                                    2.1692821797978565,
                                    1.00347226586468,
                                    0.05601737418809592,
                                    -0.07663912840218781
                                ],
                                [
                                    -0.9753419767473159,
                                    -9.822792983235495,
                                    -2.7665349652272853,
                                    1.2042820469229054,
                                    6.074469783946052,
                                    -2.517372599071788,
                                    10.919525675314182,
                                    -2.095069915688584,
                                    -1.523594390535726,
                                    6.252504363260744,
                                    -0.21654153403530477,
                                    1.7757475218767718,
                                    -4.713594836428246,
                                    5.444720634314228,
                                    -3.624138892839542,
                                    -0.5698745867921968,
                                    -1.409077322162364,
                                    0.7261983304146731,
                                    1.5986255878276976,
                                    2.1692821797978565,
                                    3.60949279922923,
                                    0.8013581338025549,
                                    0.10546514092080629,
                                    -0.03622122704732963
                                ],
                                [
                                    -0.7350615511277273,
                                    -5.072289202699571,
                                    -0.6964978579435103,
                                    1.2836294578575784,
                                    2.7337677266991,
                                    -0.6311891827809496,
                                    2.7722929583371823,
                                    -1.3285868089588446,
                                    -1.6925545390557064,
                                    4.78338210640946,
                                    -1.805601065526622,
                                    -0.24279208262203575,
                                    -1.9361845186648077,
                                    1.7391299053562805,
                                    -1.7573584686029453,
                                    -1.3796475853172232,
                                    -0.8345513828490175,
                                    -0.7288335954346122,
                                    0.20045368798923852,
                                    1.00347226586468,
                                    0.8013581338025549,
                                    1.462288580772104,
                                    0.23241214200195975,
                                    -0.09812863979141832
                                ],
                                [
                                    -0.3362235045773973,
                                    -0.6564521785411265,
                                    0.905194217217665,
                                    0.7573439235985873,
                                    1.0231226011087626,
                                    -1.0581834257356533,
                                    0.6712854315627662,
                                    -1.7579012351928267,
                                    0.13717937091031554,
                                    0.9705144563398894,
                                    -0.3790416859827127,
                                    -0.016316380389864917,
                                    -0.855916908560025,
                                    1.004204314545502,
                                    -0.7163057423620189,
                                    0.06969798554455643,
                                    -0.5236076204799771,
                                    -0.5572077401794847,
                                    -0.1519840145340731,
                                    0.05601737418809592,
                                    0.10546514092080629,
                                    0.23241214200195975,
                                    0.22158838925441385,
                                    -0.057352808624867795
                                ],
                                [
                                    0.17413157900973547,
                                    0.8227107412393847,
                                    -0.17049601269480688,
                                    -0.12172489596854212,
                                    -0.548084824134615,
                                    -0.058791682357351,
                                    -0.41656133219995295,
                                    0.47659500183249554,
                                    0.310292005544848,
                                    -1.1273782576826605,
                                    0.06887387308629266,
                                    0.04456667732820378,
                                    0.4392290866417345,
                                    -0.43821189662571947,
                                    0.5262606946999097,
                                    0.3526175612894194,
                                    0.2692256507384391,
                                    0.18145097194639737,
                                    0.05334780551474131,
                                    -0.07663912840218781,
                                    -0.03622122704732963,
                                    -0.09812863979141832,
                                    -0.057352808624867795,
                                    0.06270165187014622
                                ]
                            ]
                        ],
                        "frozen" : false
                    },
                    {
                        "class" : "Distribution",
                        "name" : "MultivariateGaussianDistribution",
                        "parameters" : [
                            [
                                13.861204169013657,
                                0.6531079019684718,
                                8.392414914055513,
                                -4.222040440901348,
                                -19.150192617255836,
                                -3.0979769157386228,
                                -28.419615217684186,
                                -2.5181703795650683,
                                -3.9409316196073876,
                                -12.348542339961273,
                                0.5512374909680943,
                                -14.562851471535376,
                                -0.2948626013119558,
                                -8.360601937411799,
                                -0.5012965439250889,
                                -1.7544535235134344,
                                0.3460580449076316,
                                -0.6473855192885731,
                                -1.8816877473438598,
                                -0.747012881582018,
                                -1.6632684208770114,
                                -0.3267995967138638,
                                -0.11553205950835498,
                                0.034311501617651605
                            ],
                            [
                                [
                                    7.538262454740847,
                                    22.10536811664269,
                                    3.577325361933041,
                                    0.21781072910616886,
                                    -16.23252094782758,
                                    -3.846266960190592,
                                    -14.674307933594811,
                                    4.591938166241216,
                                    1.5026073296099793,
                                    -7.411250943193465,
                                    -4.130776304712582,
                                    -2.828100544017114,
                                    4.503692646093435,
                                    -10.147436868776818,
                                    8.993912862650545,
                                    -1.2239268508172747,
                                    3.404335953844175,
                                    2.8156550894944137,
                                    1.0331653703115504,
                                    0.8024300926292722,
                                    -0.9753419767473159,
                                    -0.7350615511277273,
                                    -0.3362235045773973,
                                    0.17413157900973547
                                ],
                                [
                                    22.10536811664269,
                                    235.16107672863748,
                                    65.11988336960209,
                                    -31.297491692398292,
                                    -71.97296631547,
                                    -22.463788484718695,
                                    -132.46283401815137,
                                    -27.88232422416777,
                                    24.865170227614986,
                                    -42.974688535565896,
                                    -10.764926289407498,
                                    -55.80978666076571,
                                    28.585876303944058,
                                    -58.16158767978916,
                                    38.948626803457266,
                                    1.8842088846645848,
