{
    "class" : "HiddenMarkovModel",
    "name" : "None",
    "start" : {
        "class" : "State",
        "distribution" : null,
        "name" : "None-start",
        "weight" : 1.0
    },
    "end" : {
        "class" : "State",
        "distribution" : null,
        "name" : "None-end",
        "weight" : 1.0
    },
    "states" : [
        {
            "class" : "State",
            "distribution" : {
                "class" : "GeneralMixtureModel",
                "distributions" : [
                    {
                        "class" : "Distribution",
                        "name" : "MultivariateGaussianDistribution",
                        "parameters" : [
                            [
                                16.460414284036588,
                                -15.559459107678292,
                                2.2989477631163013,
                                -12.442851074867592,
                                -33.22403054363994,
                                -1.5641496676144286,
                                5.447030407212142,
                                -3.8756770906847686,
                                -4.920358036032543,
                                -2.618145772155192,
                                -13.045231465967532,
                                -2.515320059740236,
                                -1.424057252617424,
                                -3.44868809092499,
                                2.735111427992392,
                                -0.49842472839529883,
                                -0.9026207354882634,
                                1.4134384916315814,
                                -1.6095341767287001,
                                0.7122803037757586,
                                -0.27211663914557255,
                                0.3384142084455214,
                                0.021998236949319325,
                                -0.015827158584370556
                            ],
                            [
                                [
                                    15.275775052650705,
                                    5.025283933962237,
                                    2.8112529618268547,
                                    -16.95226397800783,
                                    -34.26209738589264,
                                    -16.228081581629635,
                                    25.621762926882752,
                                    -9.752191914652462,
                                    -11.145128960329679,
                                    6.9140264156477516,
                                    -29.68058067746653,
                                    13.515430536431722,
                                    -3.0632936248315876,
                                    -7.485122224351586,
                                    3.414720116516845,
                                    -4.166120496163976,
                                    -3.9352230583421237,
                                    0.8493782377865376,
                                    -3.669482852091303,
                                    1.5441613440313444,
                                    0.12164484135654346,
                                    1.3558407111185826,
                                    0.3482347420112829,
                                    -0.1281311774451984
                                ],
                                [
                                    5.025283933962237,
                                    73.86355585842053,
                                    -12.29946732952876,
                                    -32.7989512984379,
                                    -22.509139134545542,
                                    0.3640553992505023,
                                    3.998867831136431,
                                    -5.4165081891350315,
                                    -13.388838373639892,
                                    -25.705499251478965,
                                    23.00709107306679,
                                    -25.1195669200081,
                                    15.981070580279383,
                                    -8.524920113879631,
                                    -3.6588800129838916,
                                    7.850953133617978,
                                    -4.389650508147407,
                                    -2.757853394377036,
                                    -1.4347164229491924,
                                    -1.0737553433859517,
                                    -0.5219522832208264,
                                    -3.248493538681641,
                                    -0.7027324912908149,
                                    0.5924098721053356
                                ],
                                [
                                    2.8112529618268547,
                                    -12.29946732952876,
                                    92.26321869743091,
                                    -5.294296791835371,
                                    -47.381818035608504,
                                    -8.485556252215764,
                                    -44.54743067356775,
                                    14.078836539422957,
                                    75.77145035711956,
                                    12.824840501260125,
                                    -35.02783039460493,
                                    4.124613825445197,
                                    -50.661662094405855,
                                    -1.722277461712477,
                                    27.503641578335028,
                                    -25.860075927071563,
                                    13.78798901746104,
                                    -9.001648492405478,
                                    -6.2644140873226934,
                                    6.308874396303699,
                                    2.423056355885035,
                                    5.994338847018266,
                                    1.8268454346490024,
                                    -0.8997752465521681
                                ],
                                [
                                    -16.95226397800783,
                                    -32.7989512984379,
                                    -5.294296791835371,
                                    98.14396413580832,
                                    66.38605444473691,
                                    55.70502520879473,
                                    -11.7879690006507,
                                    19.74851207898006,
                                    -7.561137395051116,
                                    9.833873315374557,
                                    35.89779843456098,
                                    -6.759555276673602,
                                    18.71731763980966,
                                    9.625412970056422,
                                    -15.24465653824691,
                                    10.883938496328794,
                                    -1.7855077827641967,
                                    12.341908351261225,
                                    6.574281022893132,
                                    -3.41250614527758,
                                    0.9045702554382081,
                                    -1.1783233648505964,
                                    -0.8286578571466241,
                                    0.10022727082660118
                                ],
                                [
                                    -34.26209738589264,
                                    -22.509139134545542,
                                    -47.381818035608504,
                                    66.38605444473691,
                                    202.95197120457485,
                                    28.45224002600038,
                                    0.28097943647680296,
                                    4.503528949515941,
                                    -28.134867778707893,
                                    -5.749301576370177,
                                    86.501270611849,
                                    13.239324512911896,
                                    25.296406492360813,
                                    31.678207204335354,
                                    -25.79333959147108,
                                    22.70963011452198,
                                    11.34593175604038,
                                    2.717226786736212,
                                    16.964789785412247,
                                    -6.165178573052053,
                                    1.3004787226259396,
                                    -4.815123194010957,
                                    -1.984400209050441,
                                    1.1235632578138288
                                ],
                                [
                                    -16.228081581629635,
                                    0.3640553992505023,
                                    -8.485556252215764,
                                    55.70502520879473,
                                    28.45224002600038,
                                    141.7889318889527,
                                    -52.01584114432046,
                                    54.011702425579045,
                                    12.671917857042175,
                                    -30.597285882375267,
                                    90.9979335787803,
                                    -51.32102727218378,
                                    25.67803106850823,
                                    21.33372222488323,
                                    -21.109050251338058,
                                    23.760692284938568,
                                    -15.734774314835404,
                                    -1.1456656447480307,
                                    4.687490457351717,
                                    -6.840413338107932,
                                    0.8139595593708358,
                                    -5.228028823542483,
                                    -1.5826058221818249,
                                    0.5140414366824816
                                ],
                                [
                                    25.621762926882752,
                                    3.998867831136431,
                                    -44.54743067356775,
                                    -11.7879690006507,
                                    0.28097943647680296,
                                    -52.01584114432046,
                                    177.9163862345265,
                                    -34.97692911838203,
                                    -73.85758136093372,
                                    40.26022859796165,
                                    -62.66460219778105,
                                    69.40268710095526,
                                    31.75796110069745,
                                    -21.99475233559486,
                                    -8.26247316926062,
                                    7.830850860176145,
                                    -11.224647789093611,
                                    14.592904919479682,
                                    -1.8520504755875626,
                                    -3.971995469773658,
                                    -1.434110733557893,
                                    -0.8572609400650283,
                                    -0.7026759571179506,
                                    0.18790874457824516
                                ],
                                [
                                    -9.752191914652462,
                                    -5.4165081891350315,
                                    14.078836539422957,
                                    19.74851207898006,
                                    4.503528949515941,
                                    54.011702425579045,
                                    -34.97692911838203,
                                    103.55724722888313,
                                    49.09982583995638,
                                    1.392928717491023,
                                    52.049901303499865,
                                    -30.491393965477165,
                                    7.375490095144204,
                                    33.50625549993034,
                                    -5.64650206580423,
                                    8.831861404275875,
                                    -3.9150248994854246,
                                    -9.977686068027872,
                                    0.5338110102281572,
                                    -3.0616804951621885,
                                    0.4950856727063285,
                                    -0.969094645942283,
                                    0.19702880549513932,
                                    -0.21049059577609375
                                ],
                                [
                                    -11.145128960329679,
                                    -13.388838373639892,
                                    75.77145035711956,
                                    -7.561137395051116,
                                    -28.134867778707893,
                                    12.671917857042175,
                                    -73.85758136093372,
                                    49.09982583995638,
                                    172.66306084341514,
                                    9.976077463149679,
                                    11.487796546037071,
                                    -14.813056100768797,
                                    -47.91912915822858,
                                    22.254828315398058,
                                    38.13498701003587,
                                    -23.045929398452078,
                                    13.430562716288101,
                                    -13.39471167201244,
                                    -6.232895345788089,
                                    4.102079404107299,
                                    0.023264393916219605,
                                    4.147572188311779,
                                    2.015969144326829,
                                    -1.0723176019045872
                                ],
                                [
                                    6.9140264156477516,
                                    -25.705499251478965,
                                    12.824840501260125,
                                    9.833873315374557,
                                    -5.749301576370177,
                                    -30.597285882375267,
                                    40.26022859796165,
                                    1.392928717491023,
                                    9.976077463149679,
                                    93.35662674054781,
                                    -35.88748978406496,
                                    40.88048063916939,
                                    -18.82413631324423,
                                    -18.927848885461117,
                                    3.879606574271086,
                                    -11.626346477523612,
                                    -1.0281560178693778,
                                    1.2882672748631714,
                                    -4.451002425918424,
                                    -0.02889097042224712,
                                    -0.6619357464282268,
                                    3.3706852832585272,
                                    1.2973170389743942,
                                    -1.0859651294641934
                                ],
                                [
                                    -29.68058067746653,
                                    23.00709107306679,
                                    -35.02783039460493,
                                    35.89779843456098,
                                    86.501270611849,
                                    90.9979335787803,
                                    -62.66460219778105,
                                    52.049901303499865,
                                    11.487796546037071,
                                    -35.88748978406496,
                                    203.09637217860438,
                                    -71.49746733159928,
                                    45.94231163149832,
                                    31.891587410095823,
                                    -38.39432113796904,
                                    42.59375859227103,
                                    -8.50725204248306,
                                    -9.45074062429584,
                                    9.574387050080931,
                                    -12.20370465785313,
                                    0.8875115166387798,
                                    -6.965622823663853,
                                    -2.2312526004378332,
                                    1.1475926740049334
                                ],
                                [
                                    13.515430536431722,
                                    -25.1195669200081,
                                    4.124613825445197,
                                    -6.759555276673602,
                                    13.239324512911896,
                                    -51.32102727218378,
                                    69.40268710095526,
                                    -30.491393965477165,
                                    -14.813056100768797,
                                    40.88048063916939,
                                    -71.49746733159928,
                                    113.5200354940289,
                                    -13.181829185294715,
                                    1.1284194629869568,
                                    15.003956338315586,
                                    -14.186917644821103,
                                    11.246789314584552,
                                    9.170221290698494,
                                    0.17097351568438315,
                                    2.4371180938491097,
                                    -0.5741175575672001,
                                    1.9283998300050775,
                                    0.41719516368163156,
                                    -0.23656909226634304
                                ],
                                [
                                    -3.0632936248315876,
                                    15.981070580279383,
                                    -50.661662094405855,
                                    18.71731763980966,
                                    25.296406492360813,
                                    25.67803106850823,
                                    31.75796110069745,
                                    7.375490095144204,
                                    -47.91912915822858,
                                    -18.82413631324423,
                                    45.94231163149832,
                                    -13.181829185294715,
                                    90.02984514991083,
                                    3.2734000145880287,
                                    -17.616954799732294,
                                    29.658428679101245,
                                    -12.772948864410314,
                                    17.05958025407114,
                                    4.5751469508530995,
                                    -7.21022519157406,
                                    -3.297266088897175,
                                    -6.080116029350325,
                                    -1.875677876673997,
                                    0.9585669199755126
                                ],
                                [
                                    -7.485122224351586,
                                    -8.524920113879631,
                                    -1.722277461712477,
                                    9.625412970056422,
                                    31.678207204335354,
                                    21.33372222488323,
                                    -21.99475233559486,
                                    33.50625549993034,
                                    22.254828315398058,
                                    -18.927848885461117,
                                    31.891587410095823,
                                    1.1284194629869568,
                                    3.2734000145880287,
                                    70.65858044547419,
                                    0.5849066188734006,
                                    9.267306372572511,
                                    4.386233703899259,
                                    -6.540136330658383,
                                    9.361515132868611,
                                    -0.14026997631326185,
                                    1.966089326683584,
                                    -1.2792560894423468,
                                    -0.6768255358490439,
                                    0.5657926236216884
                                ],
                                [
                                    3.414720116516845,
                                    -3.6588800129838916,
                                    27.503641578335028,
                                    -15.24465653824691,
                                    -25.79333959147108,
                                    -21.109050251338058,
                                    -8.26247316926062,
                                    -5.64650206580423,
                                    38.13498701003587,
                                    3.879606574271086,
                                    -38.39432113796904,
                                    15.003956338315586,
                                    -17.616954799732294,
                                    0.5849066188734006,
                                    51.17206604630072,
                                    -13.084844397496612,
                                    13.422892331648189,
                                    -0.14448656537873464,
                                    -2.501345097840488,
                                    5.222654846222193,
                                    0.030792449108913232,
                                    2.8774886214636926,
                                    0.7993605066011539,
                                    -0.3668425719252569
                                ],
                                [
                                    -4.166120496163976,
                                    7.850953133617978,
                                    -25.860075927071563,
                                    10.883938496328794,
                                    22.70963011452198,
                                    23.760692284938568,
                                    7.830850860176145,
                                    8.831861404275875,
                                    -23.045929398452078,
                                    -11.626346477523612,
                                    42.59375859227103,
                                    -14.186917644821103,
                                    29.658428679101245,
                                    9.267306372572511,
                                    -13.084844397496612,
                                    40.028213885837005,
                                    -7.2319951874007495,
                                    3.510310786030698,
                                    1.9309491294353025,
                                    -5.691155083181431,
                                    0.13716424871852015,
                                    -2.9602367012843738,
                                    -1.438672777661982,
                                    0.6823457376224441
                                ],
                                [
                                    -3.9352230583421237,
                                    -4.389650508147407,
                                    13.78798901746104,
                                    -1.7855077827641967,
                                    11.34593175604038,
                                    -15.734774314835404,
                                    -11.224647789093611,
                                    -3.9150248994854246,
                                    13.430562716288101,
                                    -1.0281560178693778,
                                    -8.50725204248306,
                                    11.246789314584552,
                                    -12.772948864410314,
                                    4.386233703899259,
                                    13.422892331648189,
                                    -7.2319951874007495,
                                    28.627733243489793,
                                    -0.4279829514738928,
                                    -0.4211190520667211,
                                    1.9958033916539175,
                                    -0.2594302108769763,
                                    1.4763530637811102,
                                    0.2486944711730413,
                                    -0.16521177804223847
                                ],
                                [
                                    0.8493782377865376,
                                    -2.757853394377036,
                                    -9.001648492405478,
                                    12.341908351261225,
                                    2.717226786736212,
                                    -1.1456656447480307,
                                    14.592904919479682,
                                    -9.977686068027872,
                                    -13.39471167201244,
                                    1.2882672748631714,
                                    -9.45074062429584,
                                    9.170221290698494,
                                    17.05958025407114,
                                    -6.540136330658383,
                                    -0.14448656537873464,
                                    3.510310786030698,
                                    -0.4279829514738928,
                                    24.323388198666812,
                                    1.7066216569845587,
                                    0.6033723280608775,
                                    -2.1621648962748647,
                                    -1.198683221102163,
                                    -0.3230759201963682,
                                    0.05211816595205087
                                ],
                                [
                                    -3.669482852091303,
                                    -1.4347164229491924,
                                    -6.2644140873226934,
                                    6.574281022893132,
                                    16.964789785412247,
                                    4.687490457351717,
                                    -1.8520504755875626,
                                    0.5338110102281572,
                                    -6.232895345788089,
                                    -4.451002425918424,
                                    9.574387050080931,
                                    0.17097351568438315,
                                    4.5751469508530995,
                                    9.361515132868611,
                                    -2.501345097840488,
                                    1.9309491294353025,
                                    -0.4211190520667211,
                                    1.7066216569845587,
                                    12.74429268019887,
                                    1.5239736135821784,
                                    1.0379487792093127,
                                    -0.4593742647126971,
                                    -0.27662676230859445,
                                    0.2875064538710601
                                ],
                                [
                                    1.5441613440313444,
                                    -1.0737553433859517,
                                    6.308874396303699,
                                    -3.41250614527758,
                                    -6.165178573052053,
                                    -6.840413338107932,
                                    -3.971995469773658,
                                    -3.0616804951621885,
                                    4.102079404107299,
                                    -0.02889097042224712,
                                    -12.20370465785313,
                                    2.4371180938491097,
                                    -7.21022519157406,
                                    -0.14026997631326185,
                                    5.222654846222193,
                                    -5.691155083181431,
                                    1.9958033916539175,
                                    0.6033723280608775,
                                    1.5239736135821784,
                                    6.257707449924117,
                                    0.9624624850969412,
                                    1.12723171382675,
                                    0.32470462977540826,
                                    -0.048122493803295426
                                ],
                                [
                                    0.12164484135654346,
                                    -0.5219522832208264,
                                    2.423056355885035,
                                    0.9045702554382081,
                                    1.3004787226259396,
                                    0.8139595593708358,
                                    -1.434110733557893,
                                    0.4950856727063285,
                                    0.023264393916219605,
                                    -0.6619357464282268,
                                    0.8875115166387798,
                                    -0.5741175575672001,
                                    -3.297266088897175,
                                    1.966089326683584,
                                    0.030792449108913232,
                                    0.13716424871852015,
                                    -0.2594302108769763,
                                    -2.1621648962748647,
                                    1.0379487792093127,
                                    0.9624624850969412,
                                    3.4352222891877773,
                                    0.9662757676523285,
                                    0.03087779511450285,
                                    0.032550454188151966
                                ],
                                [
                                    1.3558407111185826,
                                    -3.248493538681641,
                                    5.994338847018266,
                                    -1.1783233648505964,
                                    -4.815123194010957,
                                    -5.228028823542483,
                                    -0.8572609400650283,
                                    -0.969094645942283,
                                    4.147572188311779,
                                    3.3706852832585272,
                                    -6.965622823663853,
                                    1.9283998300050775,
                                    -6.080116029350325,
                                    -1.2792560894423468,
                                    2.8774886214636926,
                                    -2.9602367012843738,
                                    1.4763530637811102,
                                    -1.198683221102163,
                                    -0.4593742647126971,
                                    1.12723171382675,
                                    0.9662757676523285,
                                    1.993797479746514,
                                    0.39174008459443965,
                                    -0.1528367852374235
                                ],
                                [
                                    0.3482347420112829,
                                    -0.7027324912908149,
                                    1.8268454346490024,
                                    -0.8286578571466241,
                                    -1.984400209050441,
                                    -1.5826058221818249,
                                    -0.7026759571179506,
                                    0.19702880549513932,
                                    2.015969144326829,
                                    1.2973170389743942,
                                    -2.2312526004378332,
                                    0.41719516368163156,
                                    -1.875677876673997,
                                    -0.6768255358490439,
                                    0.7993605066011539,
                                    -1.438672777661982,
                                    0.2486944711730413,
                                    -0.3230759201963682,
                                    -0.27662676230859445,
                                    0.32470462977540826,
                                    0.03087779511450285,
                                    0.39174008459443965,
                                    0.21920271992632287,
                                    -0.07061018495131405
                                ],
                                [
                                    -0.1281311774451984,
                                    0.5924098721053356,
                                    -0.8997752465521681,
                                    0.10022727082660118,
                                    1.1235632578138288,
                                    0.5140414366824816,
                                    0.18790874457824516,
                                    -0.21049059577609375,
                                    -1.0723176019045872,
                                    -1.0859651294641934,
                                    1.1475926740049334,
                                    -0.23656909226634304,
                                    0.9585669199755126,
                                    0.5657926236216884,
                                    -0.3668425719252569,
                                    0.6823457376224441,
                                    -0.16521177804223847,
                                    0.05211816595205087,
                                    0.2875064538710601,
                                    -0.048122493803295426,
                                    0.032550454188151966,
                                    -0.1528367852374235,
                                    -0.07061018495131405,
                                    0.07443318605983171
                                ]
                            ]
                        ],
                        "frozen" : false
                    },
                    {
                        "class" : "Distribution",
                        "name" : "MultivariateGaussianDistribution",
                        "parameters" : [
                            [
                                16.460414284036588,
                                -15.559459107678292,
                                2.2989477631163013,
                                -12.442851074867592,
                                -33.22403054363994,
                                -1.5641496676144286,
                                5.447030407212142,
                                -3.8756770906847686,
                                -4.920358036032543,
                                -2.618145772155192,
                                -13.045231465967532,
                                -2.515320059740236,
                                -1.424057252617424,
                                -3.44868809092499,
                                2.735111427992392,
                                -0.49842472839529883,
                                -0.9026207354882634,
                                1.4134384916315814,
                                -1.6095341767287001,
                                0.7122803037757586,
                                -0.27211663914557255,
                                0.3384142084455214,
                                0.021998236949319325,
                                -0.015827158584370556
                            ],
                            [
                                [
                                    15.275775052650705,
                                    5.025283933962237,
                                    2.8112529618268547,
                                    -16.95226397800783,
                                    -34.26209738589264,
                                    -16.228081581629635,
                                    25.621762926882752,
                                    -9.752191914652462,
                                    -11.145128960329679,
                                    6.9140264156477516,
                                    -29.68058067746653,
                                    13.515430536431722,
                                    -3.0632936248315876,
                                    -7.485122224351586,
                                    3.414720116516845,
                                    -4.166120496163976,
                                    -3.9352230583421237,
                                    0.8493782377865376,
                                    -3.669482852091303,
                                    1.5441613440313444,
                                    0.12164484135654346,
                                    1.3558407111185826,
                                    0.3482347420112829,
                                    -0.1281311774451984
                                ],
                                [
                                    5.025283933962237,
                                    73.86355585842053,
                                    -12.29946732952876,
                                    -32.7989512984379,
                                    -22.509139134545542,
                                    0.3640553992505023,
                                    3.998867831136431,
                                    -5.4165081891350315,
                                    -13.388838373639892,
                                    -25.705499251478965,
                                    23.00709107306679,
                                    -25.1195669200081,
                                    15.981070580279383,
                                    -8.524920113879631,
                                    -3.6588800129838916,
                                    7.850953133617978,
